,Close,Open,test,prediction,Cl - Op,profit,profit_r_fee
0,28.76,28.67,1.0,-1.0,0.09,-2580.3,-2748.14775
1,28.67,28.76,1.0,-1.0,-0.09,2588.4,2420.28225
2,28.63,28.67,0.0,-1.0,-0.04,1146.8,979.1375
3,28.29,28.5,0.0,1.0,-0.21,-5985.0,-6150.79575
4,27.95,28.33,0.0,-1.0,-0.38,10765.4,10600.211
5,27.57,28.0,0.0,1.0,-0.43,-12040.0,-12201.89725
6,27.53,27.57,0.0,-1.0,-0.04,1102.8,941.5725
7,27.53,27.49,0.0,-1.0,0.04,-1099.6,-1260.4735
8,27.95,27.66,1.0,1.0,0.29,8021.4,7858.30575
9,27.53,27.91,1.0,-1.0,-0.38,10605.8,10443.068
10,27.49,27.66,0.0,1.0,-0.17,-4702.2,-4863.25875
11,28.55,27.83,0.0,-1.0,0.72,-20037.6,-20201.4315
12,29.69,28.67,1.0,-1.0,1.02,-29243.4,-29412.573
13,29.52,29.77,1.0,-1.0,-0.25,7442.5,7268.70175
14,29.73,29.69,0.0,-1.0,0.04,-1187.6,-1361.3435
15,29.94,29.86,1.0,-1.0,0.08,-2388.8,-2563.595
16,31.04,30.24,1.0,-1.0,0.8,-24192.0,-24370.044
17,31.04,31.29,1.0,-1.0,-0.25,7822.5,7639.80975
18,30.36,31.04,0.0,-1.0,-0.68,21107.2,20926.585
19,30.41,30.11,0.0,-1.0,0.3,-9033.0,-9209.571
20,29.81,30.28,1.0,-1.0,-0.47,14231.6,14055.13175
21,30.36,30.19,0.0,-1.0,0.17,-5132.3,-5309.15375
22,30.7,30.36,1.0,-1.0,0.34,-10322.4,-10500.4905
23,30.45,30.62,1.0,-1.0,-0.17,5205.4,5026.51525
24,30.28,30.28,0.0,-1.0,0.0,-0.0,-177.138
25,30.49,30.45,0.0,-1.0,0.04,-1218.0,-1396.1895
26,30.7,30.53,1.0,-1.0,0.17,-5190.1,-5368.94275
27,30.41,30.7,1.0,-1.0,-0.29,8903.0,8723.81825
28,30.24,30.45,0.0,-1.0,-0.21,6394.5,6216.66675
29,30.11,30.28,0.0,-1.0,-0.17,5147.6,4970.70425
30,30.62,30.28,0.0,-1.0,0.34,-10295.2,-10472.8225
31,30.7,30.62,1.0,-1.0,0.08,-2449.6,-2628.841
32,30.7,30.96,1.0,-1.0,-0.26,8049.6,7868.8545
33,31.04,30.87,0.0,-1.0,0.17,-5247.9,-5428.73175
34,30.41,30.62,1.0,-1.0,-0.21,6430.2,6251.37225
35,29.94,30.62,0.0,-1.0,-0.68,20821.6,20643.442
36,30.62,29.77,0.0,-1.0,0.85,-25304.5,-25479.86575
37,31.0,30.7,1.0,-1.0,0.3,-9210.0,-9390.0225
38,31.21,31.13,1.0,-1.0,0.08,-2490.4,-2672.6245
39,31.13,31.21,1.0,-1.0,-0.08,2496.8,2314.3355
40,31.8,31.29,0.0,-1.0,0.51,-15957.9,-16141.67325
41,31.97,31.55,1.0,-1.0,0.42,-13251.0,-13436.166
42,31.8,32.06,1.0,-1.0,-0.26,8335.6,8148.4195
43,31.84,31.63,0.0,-1.0,0.21,-6642.3,-6827.63475
44,32.1,31.84,1.0,-1.0,0.26,-8278.4,-8465.0345
45,30.83,32.14,1.0,-1.0,-1.31,42103.4,41917.24775
46,31.25,30.83,0.0,-1.0,0.42,-12948.6,-13129.554
47,31.63,31.55,1.0,-1.0,0.08,-2524.0,-2708.6815
48,31.68,31.93,1.0,-1.0,-0.25,7982.5,7796.06575
49,30.96,31.29,0.0,-1.0,-0.33,10325.7,10143.12375
50,31.59,31.63,0.0,-1.0,-0.04,1265.2,1080.2215
51,32.22,31.59,0.0,-1.0,0.63,-19901.7,-20087.39925
52,32.44,32.56,1.0,-1.0,-0.12,3907.2,3716.895
53,32.56,32.61,0.0,-1.0,-0.05,1630.5,1439.80275
54,32.14,32.56,0.0,-1.0,-0.42,13675.2,13485.3225
55,31.84,32.06,0.0,-1.0,-0.22,7053.2,6865.9625
56,31.84,31.84,0.0,-1.0,0.0,-0.0,-186.264
57,31.25,32.14,0.0,-1.0,-0.89,28604.6,28417.84925
58,31.13,31.59,0.0,-1.0,-0.46,14531.4,14347.254
59,30.74,31.0,0.0,-1.0,-0.26,8060.0,7879.0205
60,30.79,30.74,0.0,-1.0,0.05,-1537.0,-1716.90025
61,30.96,30.79,1.0,1.0,0.17,5234.3,5053.42625
62,31.13,31.13,1.0,1.0,0.0,0.0,-182.1105
63,31.13,31.29,0.0,-1.0,-0.16,5006.4,4823.5815
64,30.58,31.13,0.0,-1.0,-0.55,17121.5,16940.17325
65,31.13,30.62,0.0,-1.0,0.51,-15616.2,-15796.05375
66,31.13,31.29,1.0,-1.0,-0.16,5006.4,4823.5815
67,30.79,30.79,0.0,-1.0,0.0,-0.0,-180.1215
68,30.45,30.79,0.0,-1.0,-0.34,10468.6,10288.963
69,31.55,30.62,0.0,-1.0,0.93,-28476.6,-28657.05225
70,32.18,31.68,1.0,-1.0,0.5,-15840.0,-16026.0405
71,32.14,32.31,1.0,-1.0,-0.17,5492.7,5303.92875
72,31.89,31.89,0.0,-1.0,0.0,-0.0,-186.5565
73,32.31,31.89,0.0,-1.0,0.42,-13393.8,-13580.955
74,32.06,32.31,1.0,-1.0,-0.25,8077.5,7888.84275
75,33.32,32.31,0.0,-1.0,1.01,-32633.1,-32823.55275
76,32.99,33.28,1.0,-1.0,-0.29,9651.2,9456.92525
77,32.9,32.73,0.0,-1.0,0.17,-5564.1,-5755.81275
78,32.99,33.41,1.0,-1.0,-0.42,14032.2,13837.35
79,33.03,32.99,0.0,-1.0,0.04,-1319.6,-1512.6485
80,33.03,32.99,1.0,-1.0,0.04,-1319.6,-1512.6485
81,32.86,32.99,1.0,-1.0,-0.13,4288.7,4095.89375
82,32.77,32.9,0.0,-1.0,-0.13,4277.0,4084.72025
83,32.56,32.86,0.0,-1.0,-0.3,9858.0,9666.1965
84,32.56,32.65,0.0,-1.0,-0.09,2938.5,2747.62575
85,31.72,32.56,0.0,-1.0,-0.84,27350.4,27161.121
86,31.04,31.72,0.0,-1.0,-0.68,21569.6,21385.007
87,31.72,31.25,0.0,1.0,0.47,14687.5,14502.60775
88,32.14,31.72,1.0,-1.0,0.42,-13322.4,-13508.5605
89,32.73,32.14,1.0,-1.0,0.59,-18962.6,-19151.45975
90,32.86,32.77,1.0,-1.0,0.09,-2949.3,-3141.13275
91,32.9,32.99,1.0,-1.0,-0.09,2969.1,2776.23675
92,32.99,32.94,0.0,-1.0,0.05,-1647.0,-1839.77025
93,32.86,33.41,1.0,-1.0,-0.55,18375.5,18180.83525
94,32.99,33.32,0.0,-1.0,-0.33,10995.6,10801.14825
95,32.9,33.07,0.0,-1.0,-0.17,5621.9,5428.68275
96,32.56,32.9,0.0,-1.0,-0.34,11186.0,10994.0195
97,32.61,32.82,0.0,1.0,-0.21,-6892.2,-7083.26775
98,33.54,32.99,0.0,1.0,0.55,18144.5,17949.07475
99,33.54,33.54,1.0,-1.0,0.0,-0.0,-196.209
100,33.41,33.16,0.0,-1.0,0.25,-8290.0,-8484.34225
101,32.99,33.32,1.0,-1.0,-0.33,10995.6,10801.14825
102,32.94,33.24,0.0,-1.0,-0.3,9972.0,9777.9735
103,31.97,33.16,0.0,1.0,-1.19,-39460.4,-39649.12025
104,32.77,32.56,0.0,-1.0,0.21,-6837.6,-7028.37525
105,32.86,32.39,1.0,-1.0,0.47,-15223.3,-15413.45125
106,32.99,32.86,1.0,-1.0,0.13,-4271.8,-4464.21625
107,32.94,32.82,1.0,-1.0,0.12,-3938.4,-4130.568
108,32.99,32.82,1.0,-1.0,0.17,-5579.4,-5771.63925
109,33.07,32.9,1.0,-1.0,0.17,-5593.0,-5785.70725
110,33.2,33.07,1.0,-1.0,0.13,-4299.1,-4492.74475
111,33.49,33.32,1.0,-1.0,0.17,-5664.4,-5859.56425
112,33.66,33.49,1.0,-1.0,0.17,-5693.3,-5889.45875
113,33.75,33.66,1.0,-1.0,0.09,-3029.4,-3226.43925
114,33.87,33.96,1.0,-1.0,-0.09,3056.4,2857.86225
115,34.21,33.87,0.0,-1.0,0.34,-11515.8,-11714.424
116,33.62,34.21,1.0,-1.0,-0.59,20183.9,19984.61225
117,33.11,34.0,0.0,-1.0,-0.89,30260.0,30062.36825
118,32.94,34.25,0.0,-1.0,-1.31,44867.5,44669.00425
119,32.94,33.37,0.0,-1.0,-0.43,14349.1,14154.49825
120,32.35,32.94,0.0,-1.0,-0.59,19434.6,19242.74175
121,31.63,32.44,0.0,-1.0,-0.81,26276.4,26087.78025
122,32.35,32.06,0.0,-1.0,0.29,-9297.4,-9485.36425
123,32.52,32.56,1.0,-1.0,-0.04,1302.4,1111.981
124,32.31,32.52,0.0,-1.0,-0.21,6829.2,6639.25725
125,32.01,32.14,0.0,-1.0,-0.13,4178.2,3990.36625
126,32.18,32.06,0.0,-1.0,0.12,-3847.2,-4034.922
127,32.86,32.44,1.0,-1.0,0.42,-13624.8,-13815.1725
128,32.65,32.86,1.0,-1.0,-0.21,6900.6,6708.66825
129,32.65,32.56,0.0,-1.0,0.09,-2930.4,-3121.00425
130,32.65,32.65,1.0,-1.0,0.0,-0.0,-191.0025
131,32.39,32.48,0.0,-1.0,-0.09,2923.2,2733.32025
132,32.94,32.39,0.0,-1.0,0.55,-17814.5,-18004.76525
133,32.39,32.82,1.0,-1.0,-0.43,14112.6,13921.21575
134,32.27,32.31,0.0,-1.0,-0.04,1292.4,1103.4435
135,32.56,32.56,0.0,-1.0,0.0,-0.0,-190.476
136,31.63,32.27,0.0,-1.0,-0.64,20652.8,20464.9325
137,31.0,31.8,0.0,-1.0,-0.8,25440.0,25255.11
138,30.62,31.0,0.0,-1.0,-0.38,11780.0,11599.1915
139,31.08,30.87,0.0,-1.0,0.21,-6482.7,-6663.58875
140,30.87,31.08,1.0,-1.0,-0.21,6526.8,6345.28125
141,30.87,30.87,0.0,-1.0,0.0,-0.0,-180.5895
142,30.83,30.79,0.0,-1.0,0.04,-1231.6,-1411.7785
143,30.83,30.87,1.0,-1.0,-0.04,1234.8,1054.2675
144,31.17,30.87,0.0,-1.0,0.3,-9261.0,-9442.017
145,31.38,31.0,1.0,-1.0,0.38,-11780.0,-11961.8915
146,31.13,31.63,1.0,-1.0,-0.5,15815.0,15630.677
147,31.72,31.72,0.0,-1.0,0.0,-0.0,-185.562
148,31.76,31.72,0.0,-1.0,0.04,-1268.8,-1454.419
149,32.01,31.68,1.0,-1.0,0.33,-10454.4,-10640.19825
150,32.48,32.14,1.0,-1.0,0.34,-10927.6,-11116.1035
151,31.72,32.06,1.0,-1.0,-0.34,10900.4,10713.3335
152,31.93,31.72,0.0,-1.0,0.21,-6661.2,-6847.06125
153,31.93,32.14,1.0,-1.0,-0.21,6749.4,6561.68025
154,32.14,31.93,0.0,-1.0,0.21,-6705.3,-6892.38975
155,32.14,32.14,1.0,-1.0,0.0,-0.0,-188.019
156,32.48,32.14,0.0,-1.0,0.34,-10927.6,-11116.1035
157,32.52,31.89,1.0,-1.0,0.63,-20090.7,-20278.15425
158,32.48,32.52,1.0,-1.0,-0.04,1300.8,1110.615
159,32.18,32.31,0.0,-1.0,-0.13,4200.3,4011.47175
160,32.48,32.18,0.0,-1.0,0.3,-9654.0,-9842.6805
161,33.28,33.45,1.0,-1.0,-0.17,5686.5,5491.05975
162,32.77,33.32,0.0,-1.0,-0.55,18326.0,18131.86175
163,33.24,33.11,0.0,-1.0,0.13,-4304.3,-4498.17875
164,32.99,33.24,1.0,-1.0,-0.25,8310.0,8115.90225
165,32.9,32.65,0.0,-1.0,0.25,-8162.5,-8353.85875
166,32.73,32.9,1.0,-1.0,-0.17,5593.0,5400.77725
167,33.16,32.9,0.0,-1.0,0.26,-8554.0,-8746.8355
168,32.56,33.03,1.0,-1.0,-0.47,15524.1,15331.54425
169,32.39,32.56,0.0,-1.0,-0.17,5535.2,5344.96625
170,32.52,32.69,0.0,-1.0,-0.17,5557.3,5366.30575
171,32.48,32.61,0.0,-1.0,-0.13,4239.3,4048.71675
172,32.73,32.39,0.0,-1.0,0.34,-11012.6,-11202.566
173,33.11,32.73,1.0,-1.0,0.38,-12437.4,-12629.412
174,33.16,33.07,1.0,-1.0,0.09,-2976.3,-3169.88775
175,32.69,33.07,1.0,-1.0,-0.38,12566.6,12373.682
176,33.07,32.73,0.0,-1.0,0.34,-11128.2,-11320.155
177,33.37,33.07,1.0,-1.0,0.3,-9921.0,-10114.887
178,33.58,33.37,1.0,-1.0,0.21,-7007.7,-7203.21375
179,33.41,33.7,1.0,-1.0,-0.29,9773.0,9576.26825
180,33.2,33.41,0.0,-1.0,-0.21,7016.1,6820.95075
181,33.41,33.32,0.0,-1.0,0.09,-2998.8,-3193.85025
182,33.58,33.62,1.0,-1.0,-0.04,1344.8,1148.18
183,33.28,33.49,0.0,-1.0,-0.21,7032.9,6837.28275
184,33.11,33.49,0.0,-1.0,-0.38,12726.2,12530.825
185,33.24,33.11,0.0,-1.0,0.13,-4304.3,-4498.17875
186,33.24,33.41,1.0,-1.0,-0.17,5679.7,5484.49375
187,33.7,33.24,0.0,1.0,0.46,15290.4,15093.9105
188,32.77,33.58,1.0,-1.0,-0.81,27199.8,27004.51125
189,33.37,32.9,0.0,-1.0,0.47,-15463.0,-15656.13475
190,32.48,32.65,1.0,-1.0,-0.17,5550.5,5359.73975
191,32.22,32.73,0.0,-1.0,-0.51,16692.3,16501.55625
192,31.8,32.14,0.0,-1.0,-0.34,10927.6,10740.0655
193,31.72,31.55,0.0,-1.0,0.17,-5363.5,-5548.30975
194,32.01,31.72,1.0,-1.0,0.29,-9198.8,-9384.77525
195,32.52,32.31,1.0,-1.0,0.21,-6785.1,-6974.41275
196,32.22,32.52,1.0,-1.0,-0.3,9756.0,9566.1855
197,31.59,32.22,0.0,-1.0,-0.63,20298.6,20111.01075
198,31.63,31.59,0.0,-1.0,0.04,-1263.6,-1448.4585
199,31.97,31.84,1.0,-1.0,0.13,-4139.2,-4325.64925
200,31.76,31.97,1.0,-1.0,-0.21,6713.7,6526.97475
201,31.76,31.76,0.0,-1.0,0.0,-0.0,-185.796
202,31.55,31.72,0.0,-1.0,-0.17,5392.4,5207.08025
203,29.73,30.87,0.0,-1.0,-1.14,35191.8,35012.835
204,29.26,29.73,0.0,-1.0,-0.47,13973.1,13799.84925
205,28.55,29.18,0.0,-1.0,-0.63,18383.4,18213.59475
206,29.43,29.18,0.0,-1.0,0.25,-7295.0,-7466.05925
207,30.03,29.77,1.0,1.0,0.26,7740.2,7564.895
208,31.21,30.32,1.0,-1.0,0.89,-26984.8,-27163.44025
209,31.29,31.13,1.0,-1.0,0.16,-4980.8,-5163.1385
210,30.11,31.29,1.0,-1.0,-1.18,36922.2,36740.835
211,30.49,29.94,0.0,-1.0,0.55,-16467.0,-16642.93275
212,30.7,30.28,1.0,-1.0,0.42,-12717.6,-12895.3365
213,30.79,30.87,1.0,-1.0,-0.08,2469.6,2289.1245
214,30.58,30.79,0.0,-1.0,-0.21,6465.9,6286.07775
215,30.7,30.66,0.0,-1.0,0.04,-1226.4,-1405.818
216,31.25,30.7,1.0,-1.0,0.55,-16885.0,-17065.37875
217,31.46,31.46,1.0,-1.0,0.0,-0.0,-184.041
218,32.01,31.63,0.0,-1.0,0.38,-12019.4,-12204.977
219,32.14,31.72,1.0,-1.0,0.42,-13322.4,-13508.5605
220,32.22,32.14,1.0,-1.0,0.08,-2571.2,-2759.333
221,32.35,32.22,1.0,-1.0,0.13,-4188.6,-4377.27225
222,32.44,32.31,1.0,-1.0,0.13,-4200.3,-4389.49875
223,32.65,32.35,1.0,-1.0,0.3,-9705.0,-9894.675
224,32.82,32.77,1.0,-1.0,0.05,-1638.5,-1830.27575
225,33.07,32.94,1.0,-1.0,0.13,-4282.2,-4475.08425
226,32.56,33.07,1.0,-1.0,-0.51,16865.7,16672.96725
227,32.74,32.74,0.0,-1.0,0.0,-0.0,-191.529
228,32.7,33.14,0.0,-1.0,-0.44,14581.6,14388.358
229,32.34,32.83,0.0,-1.0,-0.49,16086.7,15895.34275
230,33.05,32.96,0.0,-1.0,0.09,-2966.4,-3159.34425
231,32.61,32.92,1.0,-1.0,-0.31,10205.2,10013.05975
232,32.92,33.05,0.0,-1.0,-0.13,4296.5,4103.34275
233,33.1,33.27,0.0,-1.0,-0.17,5655.9,5461.51275
234,32.87,33.1,0.0,-1.0,-0.23,7613.0,7419.69275
235,32.39,32.87,0.0,-1.0,-0.48,15777.6,15585.9945
236,32.83,32.25,0.0,-1.0,0.58,-18705.0,-18894.489
237,32.92,32.83,1.0,-1.0,0.09,-2954.7,-3146.88375
238,32.52,33.23,1.0,-1.0,-0.71,23593.3,23399.91625
239,34.12,32.92,0.0,-1.0,1.2,-39504.0,-39698.292
240,34.61,34.25,1.0,-1.0,0.36,-12330.0,-12530.8755
241,34.34,34.61,1.0,-1.0,-0.27,9344.7,9142.61625
242,34.43,34.34,0.0,-1.0,0.09,-3090.6,-3291.61725
243,34.65,34.25,1.0,-1.0,0.4,-13700.0,-13900.9325
244,34.52,34.74,1.0,-1.0,-0.22,7642.8,7439.8845
245,34.08,34.34,0.0,-1.0,-0.26,8928.4,8727.8815
246,34.7,33.63,0.0,-1.0,1.07,-35984.1,-36182.36025
247,34.48,34.7,1.0,-1.0,-0.22,7634.0,7431.3185
248,34.65,34.7,0.0,-1.0,-0.05,1735.0,1532.07625
249,33.85,34.25,0.0,-1.0,-0.4,13700.0,13500.2075
250,34.21,33.63,0.0,-1.0,0.58,-19505.4,-19702.962
251,34.52,34.21,1.0,-1.0,0.31,-10605.1,-10805.67025
252,35.14,34.65,1.0,-1.0,0.49,-16978.5,-17181.90075
253,35.1,35.23,1.0,-1.0,-0.13,4579.9,4373.98975
254,34.88,35.14,0.0,-1.0,-0.26,9136.4,8931.2015
255,35.14,34.97,0.0,-1.0,0.17,-5944.9,-6149.71675
256,35.32,35.28,1.0,-1.0,0.04,-1411.2,-1617.645
257,35.37,35.32,1.0,-1.0,0.05,-1766.0,-1972.69325
258,35.37,35.01,1.0,-1.0,0.36,-12603.6,-12808.9215
259,35.59,34.92,1.0,-1.0,0.67,-23396.4,-23601.63675
260,35.59,35.41,1.0,-1.0,0.18,-6373.8,-6581.205
261,36.21,35.94,1.0,-1.0,0.27,-9703.8,-9914.43375
262,35.77,35.81,1.0,-1.0,-0.04,1432.4,1222.9685
263,35.05,35.59,0.0,-1.0,-0.54,19218.6,19011.168
264,36.61,35.41,0.0,-1.0,1.2,-42492.0,-42700.8585
265,36.3,36.48,1.0,-1.0,-0.18,6566.4,6353.2485
266,36.17,36.48,0.0,-1.0,-0.31,11308.8,11095.83375
267,37.28,36.3,0.0,-1.0,0.98,-35574.0,-35787.7515
268,36.92,37.28,1.0,-1.0,-0.36,13420.8,13203.225
269,37.1,37.19,0.0,-1.0,-0.09,3347.1,3129.66675
270,37.1,37.1,0.0,-1.0,0.0,-0.0,-217.035
271,38.26,37.19,0.0,-1.0,1.07,-39793.3,-40012.38625
272,38.08,38.26,1.0,-1.0,-0.18,6886.8,6663.2355
273,37.1,38.26,0.0,-1.0,-1.16,44381.6,44159.432
274,37.63,37.1,0.0,-1.0,0.53,-19663.0,-19880.79025
275,37.9,37.81,1.0,-1.0,0.09,-3402.9,-3624.21675
276,38.26,37.55,1.0,-1.0,0.71,-26660.5,-26881.17925
277,38.03,38.21,1.0,-1.0,-0.18,6877.8,6654.528
278,38.79,38.26,0.0,-1.0,0.53,-20277.8,-20502.37625
279,38.44,38.26,1.0,-1.0,0.18,-6886.8,-7110.8775
280,38.26,38.88,1.0,-1.0,-0.62,24105.6,23879.0355
281,38.44,38.26,0.0,-1.0,0.18,-6886.8,-7110.8775
282,39.06,38.61,1.0,-1.0,0.45,-17374.5,-17601.00975
283,39.01,39.06,1.0,-1.0,-0.05,1953.0,1724.57025
284,39.1,39.32,0.0,-1.0,-0.22,8650.4,8420.6915
285,38.84,39.32,0.0,-1.0,-0.48,18873.6,18644.262
286,38.44,38.3,0.0,-1.0,0.14,-5362.0,-5586.2545
287,38.44,38.44,1.0,-1.0,0.0,-0.0,-224.874
288,38.17,38.66,0.0,-1.0,-0.49,18943.4,18717.93725
289,38.08,37.81,0.0,-1.0,0.27,-10208.7,-10430.27325
290,37.46,37.41,1.0,-1.0,0.05,-1870.5,-2089.41975
291,37.95,37.46,1.0,-1.0,0.49,-18355.4,-18575.23925
292,37.81,37.28,1.0,-1.0,0.53,-19758.4,-19977.24325
293,38.03,37.37,1.0,-1.0,0.66,-24664.2,-24883.755
294,38.03,37.37,1.0,-1.0,0.66,-24664.2,-24883.755
295,37.72,38.39,1.0,-1.0,-0.67,25721.3,25497.67325
296,36.97,37.63,0.0,-1.0,-0.66,24835.8,24616.605
297,36.48,36.52,0.0,-1.0,-0.04,1460.8,1247.215
298,36.3,36.48,0.0,-1.0,-0.18,6566.4,6353.2485
299,36.52,36.3,0.0,-1.0,0.22,-7986.0,-8198.6685
300,36.52,35.81,1.0,-1.0,0.71,-25425.1,-25635.60025
301,36.48,35.86,1.0,1.0,0.62,22233.2,22020.6755
302,37.01,36.26,1.0,-1.0,0.75,-27195.0,-27408.18975
303,36.48,37.37,1.0,-1.0,-0.89,33259.3,33041.95375
304,36.48,35.99,0.0,-1.0,0.49,-17635.1,-17846.33975
305,37.77,36.92,1.0,-1.0,0.85,-31382.0,-31599.19325
306,38.26,37.95,1.0,-1.0,0.31,-11764.5,-11986.94925
307,39.06,38.61,1.0,-1.0,0.45,-17374.5,-17601.00975
308,37.86,38.44,1.0,-1.0,-0.58,22295.2,22071.1525
309,37.46,38.08,0.0,-1.0,-0.62,23609.6,23387.7155
310,37.9,37.55,0.0,-1.0,0.35,-13142.5,-13362.66625
311,38.84,38.26,1.0,-1.0,0.58,-22190.8,-22415.4475
312,38.79,38.52,1.0,1.0,0.27,10400.4,10173.86325
313,40.04,39.55,1.0,-1.0,0.49,-19379.5,-19611.56575
314,40.93,40.66,1.0,-1.0,0.27,-10978.2,-11216.44575
315,41.68,40.93,1.0,-1.0,0.75,-30697.5,-30938.00925
316,41.24,41.68,1.0,-1.0,-0.44,18339.2,18095.999
317,41.42,41.24,0.0,-1.0,0.18,-7423.2,-7664.7105
318,40.97,41.42,1.0,-1.0,-0.45,18639.0,18397.33425
319,40.97,41.37,0.0,-1.0,-0.4,16548.0,16306.5555
320,39.46,40.57,0.0,-1.0,-1.11,45032.7,44796.94725
321,39.86,40.44,0.0,-1.0,-0.58,23455.2,23219.4525
322,40.04,40.04,0.0,1.0,0.0,0.0,-234.234
323,40.3,40.04,0.0,-1.0,0.26,-10410.4,-10645.0045
324,41.28,40.48,1.0,1.0,0.8,32384.0,32143.652
325,40.84,41.28,1.0,-1.0,-0.44,18163.2,17922.339
326,39.99,40.57,0.0,-1.0,-0.58,23530.6,23294.092
327,39.86,40.08,0.0,-1.0,-0.22,8817.6,8583.4455
328,39.99,40.44,0.0,-1.0,-0.45,18198.0,17962.06725
329,40.44,40.04,0.0,-1.0,0.4,-16016.0,-16250.804
330,40.61,40.44,1.0,-1.0,0.17,-6874.8,-7111.61625
331,40.79,40.61,1.0,-1.0,0.18,-7309.8,-7547.625
332,40.39,40.75,1.0,-1.0,-0.36,14670.0,14432.1255
333,40.48,40.39,0.0,-1.0,0.09,-3635.1,-3871.50975
334,40.61,40.48,1.0,-1.0,0.13,-5262.4,-5499.39325
335,40.66,40.57,1.0,-1.0,0.09,-3651.3,-3888.76275
336,41.46,40.93,1.0,-1.0,0.53,-21692.9,-21933.09575
337,41.15,41.59,1.0,-1.0,-0.44,18299.6,18056.9255
338,40.39,40.88,0.0,-1.0,-0.49,20031.2,19792.75025
339,39.64,40.13,0.0,-1.0,-0.49,19663.7,19429.63775
340,38.79,39.99,0.0,-1.0,-1.2,47988.0,47755.7685
341,39.28,38.97,0.0,-1.0,0.31,-12080.7,-12309.11625
342,39.06,39.32,1.0,-1.0,-0.26,10223.2,9993.5485
343,38.17,39.15,0.0,-1.0,-0.98,38367.0,38139.369
344,38.97,38.17,0.0,-1.0,0.8,-30536.0,-30760.4345
345,38.97,39.46,1.0,-1.0,-0.49,19335.4,19105.25725
346,39.24,38.7,0.0,-1.0,0.54,-20898.0,-21125.1645
347,39.81,39.15,1.0,-1.0,0.66,-25839.0,-26068.968
348,39.15,40.13,1.0,-1.0,-0.98,39327.4,39094.036
349,38.97,39.15,0.0,-1.0,-0.18,7047.0,6818.229
350,39.28,39.15,0.0,-1.0,0.13,-5089.5,-5318.71275
351,39.95,39.55,1.0,-1.0,0.4,-15820.0,-16051.9375
352,40.21,39.99,1.0,-1.0,0.22,-8797.8,-9032.055
353,40.44,40.21,1.0,-1.0,0.23,-9248.3,-9483.85625
354,40.35,40.35,1.0,-1.0,0.0,-0.0,-236.0475
355,39.41,39.59,0.0,-1.0,-0.18,7126.2,6894.855
356,37.9,37.81,0.0,-1.0,0.09,-3402.9,-3624.21675
357,38.61,38.21,1.0,-1.0,0.4,-15284.0,-15508.0985
358,38.79,38.66,1.0,-1.0,0.13,-5025.8,-5252.14625
359,39.41,38.97,1.0,-1.0,0.44,-17146.8,-17375.4015
360,39.73,39.15,1.0,-1.0,0.58,-22707.0,-22936.854
361,40.3,40.04,1.0,-1.0,0.26,-10410.4,-10645.0045
362,40.44,39.5,1.0,-1.0,0.94,-37130.0,-37362.4145
363,40.7,40.61,1.0,-1.0,0.09,-3654.9,-3892.59675
364,40.93,40.04,1.0,-1.0,0.89,-35635.6,-35871.10225
365,40.97,40.48,1.0,-1.0,0.49,-19835.2,-20072.70625
366,40.75,41.06,1.0,-1.0,-0.31,12728.6,12488.84075
367,40.79,40.84,0.0,-1.0,-0.05,2042.0,1803.15725
368,41.77,40.93,0.0,-1.0,0.84,-34381.2,-34621.8375
369,41.5,41.77,1.0,1.0,-0.27,-11277.9,-11521.05975
370,42.53,41.59,0.0,-1.0,0.94,-39094.6,-39339.241
371,42.31,41.95,1.0,-1.0,0.36,-15102.0,-15347.9205
372,42.97,42.22,1.0,-1.0,0.75,-31665.0,-31913.05575
373,42.39,42.79,1.0,-1.0,-0.4,17116.0,16866.2485
374,41.37,41.86,0.0,-1.0,-0.49,20511.4,20267.21725
375,42.35,41.73,0.0,-1.0,0.62,-25872.6,-26117.604
376,41.95,42.62,1.0,-1.0,-0.67,28555.4,28307.02775
377,41.82,42.08,0.0,1.0,-0.26,-10940.8,-11185.8175
378,42.26,41.59,0.0,-1.0,0.67,-27865.3,-28109.55625
379,41.42,42.31,1.0,-1.0,-0.89,37655.9,37409.65475
380,42.04,41.55,0.0,-1.0,0.49,-20359.5,-20603.26575
381,41.91,42.26,1.0,-1.0,-0.35,14791.0,14544.27775
382,41.82,41.5,0.0,-1.0,0.32,-13280.0,-13523.231
383,42.17,42.22,1.0,-1.0,-0.05,2111.0,1864.08425
384,41.82,41.91,0.0,-1.0,-0.09,3771.9,3526.85475
385,41.55,41.99,0.0,-1.0,-0.44,18475.6,18230.5855
386,41.55,41.42,0.0,-1.0,0.13,-5384.6,-5627.09225
387,40.88,41.73,1.0,-1.0,-0.85,35470.5,35227.59075
388,40.93,40.88,0.0,-1.0,0.05,-2044.0,-2283.21925
389,42.35,41.02,1.0,-1.0,1.33,-54556.6,-54798.46225
390,42.22,42.66,1.0,-1.0,-0.44,18770.4,18521.466
391,41.82,41.55,0.0,-1.0,0.27,-11218.5,-11461.95225
392,41.99,41.82,1.0,-1.0,0.17,-7109.4,-7354.28925
393,41.82,42.08,1.0,-1.0,-0.26,10940.8,10695.0025
394,42.53,41.82,0.0,1.0,0.71,29692.2,29444.41125
395,41.86,42.48,1.0,-1.0,-0.62,26337.6,26089.9755
396,41.99,42.26,0.0,-1.0,-0.27,11410.2,11163.36375
397,42.08,41.99,0.0,-1.0,0.09,-3779.1,-4024.86975
398,41.73,41.95,1.0,-1.0,-0.22,9229.0,8983.906
399,42.53,41.82,0.0,-1.0,0.71,-29692.2,-29937.85875
400,44.04,42.88,1.0,-1.0,1.16,-49740.8,-49993.301
401,44.04,44.04,1.0,-1.0,0.0,-0.0,-257.634
402,42.97,43.6,0.0,-1.0,-0.63,27468.0,27213.83775
403,43.2,43.6,0.0,1.0,-0.4,-17440.0,-17693.29
404,43.06,43.2,0.0,-1.0,-0.14,6048.0,5795.4795
405,43.11,43.15,0.0,-1.0,-0.04,1726.0,1473.6295
406,43.6,43.33,0.0,-1.0,0.27,-11699.1,-11952.96525
407,43.68,43.51,1.0,-1.0,0.17,-7396.7,-7651.47575
408,43.37,43.68,1.0,-1.0,-0.31,13540.8,13285.71375
409,43.2,43.42,0.0,1.0,-0.22,-9552.4,-9805.4335
410,42.84,43.15,0.0,-1.0,-0.31,13376.5,13124.51425
411,41.37,42.71,0.0,-1.0,-1.34,57231.4,56983.456
412,42.35,41.37,0.0,-1.0,0.98,-40542.6,-40786.011
413,42.57,42.35,1.0,-1.0,0.22,-9317.0,-9565.061
414,42.62,42.57,1.0,-1.0,0.05,-2128.5,-2377.60575
415,42.22,42.62,1.0,-1.0,-0.4,17048.0,16799.243
416,41.77,42.22,0.0,-1.0,-0.45,18999.0,18752.65425
417,41.64,41.68,0.0,-1.0,-0.04,1667.2,1423.429
418,40.93,41.46,0.0,-1.0,-0.53,21973.8,21732.01425
419,40.66,41.02,0.0,-1.0,-0.36,14767.2,14527.746
420,40.3,40.48,0.0,-1.0,-0.18,7286.4,7049.8485
421,39.32,39.95,0.0,-1.0,-0.63,25168.5,24935.69025
422,39.15,39.32,0.0,-1.0,-0.17,6684.4,6454.62025
423,39.41,39.24,0.0,-1.0,0.17,-6670.8,-6900.59625
424,40.3,39.41,1.0,-1.0,0.89,-35074.9,-35306.71675
425,40.84,40.21,1.0,-1.0,0.63,-25332.3,-25568.42625
426,39.59,40.66,1.0,-1.0,-1.07,43506.2,43269.86375
427,39.5,39.19,0.0,-1.0,0.31,-12148.9,-12378.60325
428,39.15,39.24,1.0,1.0,-0.09,-3531.6,-3760.75575
429,39.24,39.15,0.0,-1.0,0.09,-3523.5,-3752.65575
430,39.32,39.06,1.0,-1.0,0.26,-10155.6,-10384.4715
431,39.28,39.32,1.0,1.0,-0.04,-1572.8,-1802.645
432,40.13,39.41,0.0,1.0,0.72,28375.2,28141.4655
433,39.77,40.13,1.0,-1.0,-0.36,14446.8,14212.5525
434,39.81,39.64,0.0,-1.0,0.17,-6738.8,-6970.93625
435,39.68,39.59,1.0,-1.0,0.09,-3563.1,-3794.82975
436,39.46,39.68,1.0,-1.0,-0.22,8729.6,8497.7855
437,39.59,39.28,0.0,-1.0,0.31,-12176.8,-12407.02975
438,40.04,39.59,1.0,-1.0,0.45,-17815.5,-18047.74275
439,40.93,40.3,1.0,-1.0,0.63,-25389.0,-25625.65275
440,41.19,40.97,1.0,-1.0,0.22,-9013.4,-9253.388
441,41.06,40.75,1.0,-1.0,0.31,-12632.5,-12871.32925
442,40.75,40.88,1.0,-1.0,-0.13,5314.4,5075.43725
443,40.44,40.53,0.0,-1.0,-0.09,3647.7,3410.72775
444,39.9,40.04,0.0,1.0,-0.14,-5605.6,-5839.2145
445,39.81,39.9,0.0,-1.0,-0.09,3591.0,3357.71325
446,39.77,40.04,0.0,-1.0,-0.27,10810.8,10576.95075
447,40.08,39.9,0.0,-1.0,0.18,-7182.0,-7415.6715
448,40.04,40.04,1.0,-1.0,0.0,-0.0,-234.234
449,39.86,40.04,0.0,1.0,-0.18,-7207.2,-7440.6375
450,39.5,39.86,0.0,-1.0,-0.36,14349.6,14116.932
451,40.04,39.77,0.0,1.0,0.27,10737.9,10504.05075
452,39.73,40.08,1.0,-1.0,-0.35,14028.0,13794.03075
453,39.73,39.59,0.0,-1.0,0.14,-5542.6,-5774.401
454,39.81,39.73,1.0,-1.0,0.08,-3178.4,-3410.9345
455,40.21,39.81,1.0,-1.0,0.4,-15924.0,-16157.4585
456,41.1,40.21,1.0,-1.0,0.89,-35786.9,-36023.39675
457,40.39,41.1,1.0,1.0,-0.71,-29181.0,-29418.29325
458,40.39,40.39,0.0,-1.0,0.0,-0.0,-236.2815
459,40.66,40.39,0.0,-1.0,0.27,-10905.3,-11141.96625
460,40.66,40.66,1.0,1.0,0.0,0.0,-237.861
461,40.66,40.57,0.0,-1.0,0.09,-3651.3,-3888.76275
462,40.66,40.48,1.0,-1.0,0.18,-7286.4,-7523.4645
463,40.66,40.75,1.0,-1.0,-0.09,3667.5,3429.24075
464,40.48,40.48,0.0,-1.0,0.0,-0.0,-236.808
465,40.21,40.48,0.0,-1.0,-0.27,10929.6,10693.17675
466,40.3,40.48,0.0,-1.0,-0.18,7286.4,7049.8485
467,41.1,40.48,0.0,-1.0,0.62,-25097.6,-25335.2915
468,40.92,41.2,1.0,-1.0,-0.28,11536.0,11295.379
469,41.01,40.92,0.0,-1.0,0.09,-3682.8,-3922.31025
470,41.39,41.29,1.0,-1.0,0.1,-4129.0,-4370.689
471,41.2,41.39,1.0,-1.0,-0.19,7864.1,7622.23925
472,41.2,41.2,0.0,-1.0,0.0,-0.0,-241.02
473,41.2,41.2,0.0,-1.0,0.0,-0.0,-241.02
474,41.24,41.2,0.0,-1.0,0.04,-1648.0,-1889.077
475,42.6,41.48,1.0,-1.0,1.12,-46457.6,-46701.854
476,42.79,42.98,1.0,-1.0,-0.19,8166.2,7915.03775
477,41.99,42.84,0.0,-1.0,-0.85,36414.0,36164.59725
478,41.62,41.85,0.0,-1.0,-0.23,9625.5,9381.00525
479,42.65,42.13,0.0,-1.0,0.52,-21907.6,-22154.8015
480,41.48,42.65,1.0,-1.0,-1.17,49900.5,49652.66475
481,41.39,41.48,0.0,-1.0,-0.09,3733.2,3490.67025
482,41.76,41.9,0.0,-1.0,-0.14,5866.0,5621.0845
483,41.95,41.76,0.0,-1.0,0.19,-7934.4,-8178.96675
484,42.04,42.04,1.0,-1.0,0.0,-0.0,-245.934
485,42.13,42.32,0.0,-1.0,-0.19,8040.8,7793.49875
486,42.6,42.13,0.0,1.0,0.47,19801.1,19552.55975
487,43.02,42.84,1.0,-1.0,0.18,-7711.2,-7962.0705
488,43.02,43.16,1.0,-1.0,-0.14,6042.4,5790.1135
489,42.7,43.02,0.0,-1.0,-0.32,13766.4,13515.189
490,43.35,43.07,0.0,-1.0,0.28,-12059.6,-12311.9585
491,44.01,43.45,1.0,-1.0,0.56,-24332.0,-24586.9805
492,44.48,44.19,1.0,-1.0,0.29,-12815.1,-13074.02475
493,46.39,44.66,1.0,-1.0,1.73,-77261.8,-77525.52625
494,45.22,46.39,1.0,-1.0,-1.17,54276.3,54006.58575
495,45.32,45.08,0.0,-1.0,0.24,-10819.2,-11083.26
496,45.22,45.32,1.0,-1.0,-0.1,4532.0,4267.0205
497,45.13,45.08,0.0,-1.0,0.05,-2254.0,-2517.78925
498,44.48,44.76,1.0,-1.0,-0.28,12532.8,12271.353
499,45.41,44.48,0.0,-1.0,0.93,-41366.4,-41627.93325
500,44.1,45.32,1.0,-1.0,-1.22,55290.4,55027.0165
501,44.71,44.19,0.0,-1.0,0.52,-22978.8,-23238.0525
502,44.85,44.66,1.0,-1.0,0.19,-8485.4,-8746.93175
503,44.29,44.52,1.0,1.0,-0.23,-10239.6,-10499.02425
504,44.62,44.48,0.0,-1.0,0.14,-6227.2,-6487.6075
505,44.1,44.48,1.0,-1.0,-0.38,16902.4,16642.7335
506,44.15,44.1,0.0,1.0,0.05,2205.0,1946.79375
507,43.16,44.48,1.0,-1.0,-1.32,58713.6,58455.273
508,43.77,43.35,0.0,-1.0,0.42,-18207.0,-18461.196
509,43.35,44.01,1.0,-1.0,-0.66,29046.6,28790.082
510,44.29,44.01,0.0,1.0,0.28,12322.8,12064.1025
511,43.73,44.48,1.0,1.0,-0.75,-33360.0,-33616.88925
512,43.96,43.91,0.0,-1.0,0.05,-2195.5,-2452.44475
513,42.88,43.82,1.0,-1.0,-0.94,41190.8,40935.7925
514,42.56,43.02,0.0,-1.0,-0.46,19789.2,19538.1885
515,43.73,42.56,0.0,1.0,1.17,49795.2,49541.04675
516,42.93,44.01,1.0,1.0,-1.08,-47530.8,-47783.4795
517,42.42,42.51,0.0,-1.0,-0.09,3825.9,3577.34475
518,42.13,42.88,0.0,-1.0,-0.75,32160.0,31910.22075
519,42.42,42.23,0.0,-1.0,0.19,-8023.7,-8271.01625
520,41.95,42.6,1.0,-1.0,-0.65,27690.0,27441.71625
521,41.85,41.71,0.0,-1.0,0.14,-5839.4,-6083.603
522,42.23,41.95,1.0,-1.0,0.28,-11746.0,-11991.8065
523,41.95,42.37,1.0,-1.0,-0.42,17795.4,17548.134
524,41.9,41.95,0.0,-1.0,-0.05,2097.5,1852.16375
525,42.46,41.9,0.0,-1.0,0.56,-23464.0,-23709.913
526,43.07,42.6,1.0,-1.0,0.47,-20022.0,-20271.87975
527,41.95,42.13,1.0,-1.0,-0.18,7583.4,7337.196
528,42.27,41.95,0.0,-1.0,0.32,-13424.0,-13669.8635
529,42.6,42.46,1.0,-1.0,0.14,-5944.4,-6192.9905
530,42.6,42.6,1.0,1.0,0.0,0.0,-249.21
531,42.37,42.79,0.0,-1.0,-0.42,17971.8,17722.077
532,42.65,42.65,0.0,-1.0,0.0,-0.0,-249.5025
533,42.51,42.88,0.0,-1.0,-0.37,15865.6,15615.27925
534,42.65,42.88,0.0,-1.0,-0.23,9862.4,9611.87975
535,42.84,42.65,0.0,-1.0,0.19,-8103.5,-8353.27325
536,42.84,43.07,1.0,-1.0,-0.23,9906.1,9654.46825
537,42.93,42.98,0.0,-1.0,-0.05,2149.0,1897.63825
538,44.1,43.26,0.0,-1.0,0.84,-36338.4,-36592.668
539,43.77,44.19,1.0,-1.0,-0.42,18559.8,18301.887
540,43.49,43.59,0.0,-1.0,-0.1,4359.0,4104.141
541,43.49,43.63,0.0,-1.0,-0.14,6108.2,5853.164
542,43.82,43.91,0.0,-1.0,-0.09,3951.9,3695.15475
543,43.35,43.96,0.0,-1.0,-0.61,26815.6,26559.30325
544,43.35,43.68,0.0,-1.0,-0.33,14414.4,14159.34225
545,43.12,43.45,0.0,-1.0,-0.33,14338.5,14084.78775
546,42.74,43.12,0.0,-1.0,-0.38,16385.6,16133.8895
547,43.26,42.7,0.0,1.0,0.56,23912.0,23659.727
548,43.02,43.63,1.0,-1.0,-0.61,26614.3,26359.93375
549,42.74,42.51,0.0,-1.0,0.23,-9777.3,-10026.31125
550,42.74,42.79,1.0,-1.0,-0.05,2139.5,1889.24975
551,42.13,42.6,0.0,-1.0,-0.47,20022.0,19773.45975
552,41.76,42.51,0.0,-1.0,-0.75,31882.5,31634.88525
553,42.09,41.76,0.0,-1.0,0.33,-13780.8,-14025.56625
554,41.95,42.6,1.0,-1.0,-0.65,27690.0,27441.71625
555,43.07,42.51,0.0,-1.0,0.56,-23805.6,-24055.0815
556,42.42,43.02,1.0,-1.0,-0.6,25812.0,25561.188
557,43.21,42.7,0.0,-1.0,0.51,-21777.0,-22027.52175
558,42.6,43.21,1.0,-1.0,-0.61,26358.1,26106.19075
559,42.42,42.88,0.0,-1.0,-0.46,19724.8,19474.6075
560,42.46,42.46,0.0,-1.0,0.0,-0.0,-248.391
561,42.56,42.46,0.0,-1.0,0.1,-4246.0,-4494.5335
562,42.32,42.13,1.0,-1.0,0.19,-8004.7,-8251.43125
563,42.46,42.27,1.0,-1.0,0.19,-8031.3,-8278.85025
564,42.32,42.56,1.0,-1.0,-0.24,10214.4,9965.766
565,42.27,42.13,0.0,-1.0,0.14,-5898.2,-6144.86
566,42.46,42.6,1.0,-1.0,-0.14,5964.0,5714.9895
567,42.7,42.84,0.0,-1.0,-0.14,5997.6,5747.1855
568,42.37,42.79,0.0,-1.0,-0.42,17971.8,17722.077
569,41.99,42.18,0.0,-1.0,-0.19,8014.2,7767.71775
570,41.67,42.13,0.0,-1.0,-0.46,19379.8,19133.995
571,41.39,41.67,0.0,-1.0,-0.28,11667.6,11424.2295
572,40.68,41.24,0.0,-1.0,-0.56,23094.4,22853.944
573,40.64,40.64,0.0,-1.0,0.0,-0.0,-237.744
574,38.9,40.54,0.0,-1.0,-1.64,66485.6,66250.778
575,39.33,39.18,0.0,1.0,0.15,5877.0,5647.13325
576,39.61,39.79,1.0,-1.0,-0.18,7162.2,6929.685
577,39.75,39.42,0.0,1.0,0.33,13008.6,12776.53275
578,40.17,40.12,1.0,-1.0,0.05,-2006.0,-2240.77325
579,40.21,40.26,1.0,-1.0,-0.05,2013.0,1777.55025
580,40.4,40.26,0.0,1.0,0.14,5636.4,5400.2595
581,40.26,40.36,1.0,1.0,-0.1,-4036.0,-4271.6635
582,40.21,40.26,0.0,-1.0,-0.05,2013.0,1777.55025
583,40.64,40.26,0.0,1.0,0.38,15298.8,15061.5975
584,40.78,40.73,1.0,-1.0,0.05,-2036.5,-2274.84175
585,40.64,40.68,1.0,1.0,-0.04,-1627.2,-1865.001
586,40.26,40.64,0.0,-1.0,-0.38,15443.2,15205.9975
587,39.56,39.79,0.0,1.0,-0.23,-9151.7,-9383.45375
588,39.42,39.56,0.0,-1.0,-0.14,5538.4,5307.1735
589,39.56,39.56,0.0,-1.0,0.0,-0.0,-231.426
590,39.14,39.61,0.0,-1.0,-0.47,18616.7,18385.65125
591,38.15,38.95,0.0,-1.0,-0.8,31160.0,30933.2825
592,38.67,38.11,0.0,1.0,0.56,21341.6,21116.1785
593,38.67,38.67,1.0,-1.0,0.0,-0.0,-226.2195
594,38.81,38.67,0.0,-1.0,0.14,-5413.8,-5640.219
595,38.81,38.81,1.0,-1.0,0.0,-0.0,-227.0385
596,39.04,39.04,0.0,-1.0,0.0,-0.0,-228.384
597,39.14,39.04,0.0,-1.0,0.1,-3904.0,-4132.5265
598,38.95,39.33,1.0,-1.0,-0.38,14945.4,14715.861
599,39.33,38.95,0.0,-1.0,0.38,-14801.0,-15029.399
600,39.56,39.61,1.0,1.0,-0.05,-1980.5,-2211.99725
601,39.79,39.56,0.0,1.0,0.23,9098.8,8866.35625
602,39.98,39.93,1.0,-1.0,0.05,-1996.5,-2230.16175
603,40.21,39.79,1.0,-1.0,0.42,-16711.8,-16945.17
604,39.42,39.98,1.0,-1.0,-0.56,22388.8,22155.715
605,39.89,39.75,0.0,-1.0,0.14,-5565.0,-5797.737
606,40.03,39.89,1.0,-1.0,0.14,-5584.6,-5818.156
607,39.79,40.21,1.0,-1.0,-0.42,16888.2,16653.57
608,39.56,39.33,0.0,-1.0,0.23,-9045.9,-9276.30825
609,39.51,39.56,1.0,-1.0,-0.05,1978.0,1746.64525
610,39.84,39.51,0.0,-1.0,0.33,-13038.3,-13269.90375
611,39.51,39.79,1.0,-1.0,-0.28,11141.2,10908.8275
612,39.51,39.33,0.0,-1.0,0.18,-7079.4,-7309.737
613,38.9,39.33,1.0,-1.0,-0.43,16911.9,16682.43225
614,39.56,38.9,0.0,-1.0,0.66,-25674.0,-25902.5055
615,39.47,39.23,1.0,-1.0,0.24,-9415.2,-9645.0375
616,40.12,39.7,1.0,-1.0,0.42,-16674.0,-16906.8435
617,40.03,40.21,1.0,-1.0,-0.18,7237.8,7002.828
618,40.21,40.26,0.0,-1.0,-0.05,2013.0,1777.55025
619,39.93,40.54,0.0,-1.0,-0.61,24729.4,24493.11025
620,40.5,40.21,0.0,-1.0,0.29,-11660.9,-11896.54175
621,40.82,40.45,1.0,-1.0,0.37,-14966.5,-15203.65975
622,40.26,40.82,1.0,-1.0,-0.56,22859.2,22621.201
623,40.59,40.45,0.0,-1.0,0.14,-5663.0,-5899.832
624,39.89,40.26,1.0,-1.0,-0.37,14896.2,14661.20625
625,39.42,39.89,0.0,-1.0,-0.47,18748.3,18515.61325
626,38.86,39.0,0.0,-1.0,-0.14,5460.0,5232.0495
627,39.33,38.86,0.0,-1.0,0.47,-18264.2,-18492.20075
628,39.56,39.47,1.0,-1.0,0.09,-3552.3,-3783.32775
629,39.09,39.33,1.0,-1.0,-0.24,9439.2,9209.4615
630,39.18,39.14,0.0,-1.0,0.04,-1565.6,-1794.626
631,39.61,39.23,1.0,-1.0,0.38,-14907.4,-15137.437
632,40.31,39.84,1.0,-1.0,0.47,-18724.8,-18958.53375
633,39.56,39.61,1.0,-1.0,-0.05,1980.5,1748.85275
634,39.79,39.56,0.0,-1.0,0.23,-9098.8,-9330.55375
635,39.33,39.61,1.0,-1.0,-0.28,11090.8,10859.4805
636,39.33,39.23,0.0,-1.0,0.1,-3923.0,-4152.638
637,39.51,39.14,1.0,-1.0,0.37,-14481.8,-14711.29625
638,39.33,39.33,1.0,-1.0,0.0,-0.0,-230.0805
639,40.03,40.03,0.0,-1.0,0.0,-0.0,-234.1755
640,41.29,40.45,0.0,-1.0,0.84,-33978.0,-34215.8295
641,40.78,41.2,1.0,-1.0,-0.42,17304.0,17063.5785
642,40.5,40.92,0.0,-1.0,-0.42,17186.4,16947.6165
643,41.2,40.64,0.0,-1.0,0.56,-22758.4,-22996.942
644,41.01,41.53,1.0,-1.0,-0.52,21595.6,21353.3905
645,41.2,41.34,0.0,-1.0,-0.14,5787.6,5545.9605
646,40.96,41.39,0.0,-1.0,-0.43,17797.7,17556.18125
647,40.87,40.96,0.0,-1.0,-0.09,3686.4,3446.91225
648,40.92,40.54,0.0,-1.0,0.38,-15405.2,-15642.9005
649,40.73,40.64,1.0,-1.0,0.09,-3657.6,-3895.47225
650,40.96,40.73,1.0,1.0,0.23,9367.9,9128.61175
651,40.82,40.54,1.0,1.0,0.28,11351.2,11112.802
652,40.64,40.68,1.0,-1.0,-0.04,1627.2,1389.279
653,40.96,40.73,0.0,-1.0,0.23,-9367.9,-9606.49825
654,40.96,40.96,1.0,1.0,0.0,0.0,-239.616
655,42.23,41.01,0.0,-1.0,1.22,-50032.2,-50273.847
656,42.09,42.42,1.0,-1.0,-0.33,13998.6,13750.91325
657,41.85,42.09,0.0,-1.0,-0.24,10101.6,9855.7155
658,41.15,41.85,0.0,-1.0,-0.7,29295.0,29051.175
659,40.82,40.73,0.0,-1.0,0.09,-3665.7,-3904.09875
660,40.82,40.73,1.0,-1.0,0.09,-3665.7,-3904.09875
661,40.64,41.01,1.0,-1.0,-0.37,15173.7,14934.31875
662,40.54,40.82,0.0,-1.0,-0.28,11429.6,11191.202
663,40.4,40.54,0.0,-1.0,-0.14,5675.6,5438.6405
664,39.7,40.4,0.0,-1.0,-0.7,28280.0,28044.6575
665,39.84,39.79,0.0,1.0,0.05,1989.5,1756.50725
666,39.93,39.89,1.0,-1.0,0.04,-1595.6,-1829.0135
667,40.12,40.26,1.0,-1.0,-0.14,5636.4,5401.0785
668,40.45,40.12,0.0,-1.0,0.33,-13239.6,-13474.77225
669,39.98,40.26,1.0,-1.0,-0.28,11272.8,11037.678
670,39.79,39.98,0.0,-1.0,-0.19,7596.2,7362.58775
671,40.26,39.42,0.0,-1.0,0.84,-33112.8,-33344.604
672,39.89,40.26,1.0,-1.0,-0.37,14896.2,14661.20625
673,39.84,39.98,0.0,-1.0,-0.14,5597.2,5363.5165
674,39.04,39.7,0.0,-1.0,-0.66,26202.0,25970.6955
675,39.09,39.04,0.0,-1.0,0.05,-1952.0,-2180.45525
676,39.23,39.09,1.0,-1.0,0.14,-5472.6,-5701.476
677,39.33,39.23,1.0,1.0,0.1,3923.0,3693.062
678,39.33,39.47,1.0,-1.0,-0.14,5525.8,5295.1
679,39.23,39.33,0.0,-1.0,-0.1,3933.0,3703.062
680,39.04,39.23,0.0,-1.0,-0.19,7453.7,7224.47525
681,38.48,39.04,0.0,-1.0,-0.56,21862.4,21634.814
682,37.83,38.48,0.0,-1.0,-0.65,25012.0,24787.81825
683,37.59,37.83,0.0,-1.0,-0.24,9079.2,8858.2365
684,36.33,37.45,0.0,-1.0,-1.12,41944.0,41726.5135
685,36.47,36.28,0.0,-1.0,0.19,-6893.2,-7105.70875
686,37.36,36.52,1.0,-1.0,0.84,-30676.8,-30891.639
687,36.38,37.12,1.0,1.0,-0.74,-27468.8,-27682.6775
688,36.33,36.52,0.0,-1.0,-0.19,6938.8,6725.42875
689,35.72,36.33,0.0,-1.0,-0.61,22161.3,21949.63875
690,35.58,35.67,0.0,-1.0,-0.09,3210.3,3001.75875
691,35.58,35.39,0.0,-1.0,0.19,-6724.1,-6931.40225
692,35.58,35.72,1.0,-1.0,-0.14,5000.8,4792.0375
693,35.44,36.19,0.0,-1.0,-0.75,27142.5,26931.85725
694,35.49,35.44,0.0,-1.0,0.05,-1772.0,-1979.39525
695,35.58,35.49,1.0,-1.0,0.09,-3194.1,-3401.84475
696,36.1,36.05,1.0,-1.0,0.05,-1802.5,-2013.46375
697,36.42,36.42,1.0,-1.0,0.0,-0.0,-213.057
698,36.61,36.42,0.0,-1.0,0.19,-6919.8,-7133.12775
699,36.94,36.61,1.0,-1.0,0.33,-12081.3,-12295.93875
700,36.38,36.7,1.0,-1.0,-0.32,11744.0,11529.761
701,36.47,36.24,0.0,-1.0,0.23,-8335.2,-8547.53175
702,37.45,36.33,1.0,1.0,1.12,40689.6,40472.1135
703,37.45,37.59,1.0,-1.0,-0.14,5262.6,5042.898
704,37.55,37.27,0.0,-1.0,0.28,-10435.6,-10654.0285
705,37.03,37.41,1.0,-1.0,-0.38,14215.8,13997.493
706,36.52,37.03,0.0,-1.0,-0.51,18885.3,18669.40125
707,35.53,36.33,0.0,-1.0,-0.8,29064.0,28852.6095
708,35.3,35.44,0.0,-1.0,-0.14,4961.6,4754.4755
709,36.56,35.39,0.0,-1.0,1.17,-41406.3,-41614.99875
710,37.59,36.61,1.0,1.0,0.98,35877.8,35659.295
711,37.73,37.08,1.0,-1.0,0.65,-24102.0,-24319.84425
712,37.27,37.45,1.0,-1.0,-0.18,6741.0,6522.174
713,37.27,37.08,0.0,-1.0,0.19,-7045.2,-7262.38875
714,37.08,37.45,1.0,-1.0,-0.37,13856.5,13637.94475
715,36.94,37.03,0.0,-1.0,-0.09,3332.7,3116.20275
716,36.61,36.7,0.0,-1.0,-0.09,3303.0,3088.43325
717,37.35,36.75,0.0,-1.0,0.6,-22050.0,-22265.8425
718,36.8,37.3,1.0,-1.0,-0.5,18650.0,18432.5075
719,36.0,36.5,0.0,-1.0,-0.5,18250.0,18037.1875
720,35.1,35.65,0.0,-1.0,-0.55,19607.5,19399.73125
721,34.65,35.1,0.0,-1.0,-0.45,15795.0,15590.30625
722,34.8,34.5,0.0,-1.0,0.3,-10350.0,-10552.2525
723,34.2,34.8,1.0,-1.0,-0.6,20880.0,20677.275
724,33.95,34.1,0.0,1.0,-0.15,-5115.0,-5313.82125
725,34.35,34.1,0.0,-1.0,0.25,-8525.0,-8724.84125
726,34.35,34.35,1.0,-1.0,0.0,-0.0,-200.9475
727,33.25,34.3,0.0,-1.0,-1.05,36015.0,35815.84125
728,33.75,32.35,0.0,-1.0,1.4,-45290.0,-45481.2425
729,34.45,34.55,1.0,-1.0,-0.1,3455.0,3253.025
730,34.1,34.45,0.0,1.0,-0.35,-12057.5,-12257.48375
731,34.0,33.7,0.0,1.0,0.3,10110.0,9911.5275
732,33.9,33.85,1.0,1.0,0.05,1692.5,1494.25625
733,33.5,33.85,1.0,-1.0,-0.35,11847.5,11649.97625
734,33.5,33.5,0.0,-1.0,0.0,-0.0,-195.975
735,33.8,33.55,0.0,-1.0,0.25,-8387.5,-8584.12375
736,33.75,33.65,1.0,-1.0,0.1,-3365.0,-3561.995
737,33.4,33.8,1.0,1.0,-0.4,-13520.0,-13715.96
738,32.3,33.15,0.0,1.0,-0.85,-28177.5,-28367.66625
739,32.0,31.4,0.0,-1.0,0.6,-18840.0,-19024.545
740,32.0,32.0,1.0,-1.0,0.0,-0.0,-187.2
741,32.05,32.0,0.0,1.0,0.05,1600.0,1412.57875
742,32.6,32.05,1.0,1.0,0.55,17627.5,17437.57375
743,34.85,33.75,1.0,-1.0,1.1,-37125.0,-37324.005
744,34.85,35.0,1.0,-1.0,-0.15,5250.0,5045.46375
745,34.35,34.8,0.0,-1.0,-0.45,15660.0,15457.06125
746,34.0,34.0,0.0,-1.0,0.0,-0.0,-198.9
747,33.95,34.0,0.0,-1.0,-0.05,1700.0,1501.17125
748,33.9,33.7,0.0,1.0,0.2,6740.0,6541.97
749,33.5,33.25,1.0,-1.0,0.25,-8312.5,-8507.36875
750,33.5,33.5,1.0,-1.0,0.0,-0.0,-195.975
751,35.45,34.4,0.0,1.0,1.05,36120.0,35914.11375
752,35.65,35.35,1.0,-1.0,0.3,-10605.0,-10812.225
753,35.25,35.1,1.0,-1.0,0.15,-5265.0,-5470.54875
754,35.45,35.65,1.0,-1.0,-0.2,7130.0,6921.7325
755,35.6,35.8,0.0,-1.0,-0.2,7160.0,6950.855
756,35.5,35.9,0.0,-1.0,-0.4,14360.0,14150.555
757,35.55,35.85,0.0,-1.0,-0.3,10755.0,10545.705
758,35.2,35.55,0.0,-1.0,-0.35,12442.5,12235.03125
759,34.55,34.75,0.0,-1.0,-0.2,6950.0,6746.9975
760,34.75,34.6,0.0,-1.0,0.15,-5190.0,-5392.62375
761,34.45,34.6,1.0,-1.0,-0.15,5190.0,4987.80375
762,33.2,34.45,0.0,1.0,-1.25,-43062.5,-43258.50125
763,32.9,33.5,0.0,-1.0,-0.6,20100.0,19904.88
764,33.35,32.35,0.0,-1.0,1.0,-32350.0,-32540.6725
765,34.1,33.3,1.0,-1.0,0.8,-26640.0,-26835.945
766,34.0,34.15,1.0,-1.0,-0.15,5122.5,4922.93625
767,34.5,34.35,0.0,-1.0,0.15,-5152.5,-5353.66125
768,35.25,34.7,1.0,-1.0,0.55,-19085.0,-19288.77875
769,36.55,35.3,1.0,-1.0,1.25,-44125.0,-44333.28625
770,36.25,36.55,1.0,-1.0,-0.3,10965.0,10751.61
771,37.5,36.5,0.0,-1.0,1.0,-36500.0,-36714.95
772,36.7,37.35,1.0,-1.0,-0.65,24277.5,24059.92875
773,36.25,36.25,0.0,1.0,0.0,0.0,-212.0625
774,36.9,36.7,0.0,-1.0,0.2,-7340.0,-7554.98
775,37.05,37.4,1.0,-1.0,-0.35,13090.0,12871.70875
776,38.0,37.55,0.0,-1.0,0.45,-16897.5,-17117.80875
777,37.15,38.0,1.0,-1.0,-0.85,32300.0,32078.91125
778,36.95,37.25,0.0,-1.0,-0.3,11175.0,10957.515
779,36.5,36.85,0.0,1.0,-0.35,-12897.5,-13111.52375
780,36.7,37.2,0.0,1.0,-0.5,-18600.0,-18815.4075
781,37.3,37.2,0.0,-1.0,0.1,-3720.0,-3937.7625
782,37.2,37.3,1.0,-1.0,-0.1,3730.0,3511.9375
783,37.4,37.1,0.0,-1.0,0.3,-11130.0,-11347.4625
784,36.15,37.1,1.0,-1.0,-0.95,35245.0,35029.31875
785,36.2,36.15,0.0,-1.0,0.05,-1807.5,-2019.04875
786,36.35,36.8,1.0,-1.0,-0.45,16560.0,16345.36125
787,36.9,36.55,0.0,-1.0,0.35,-12792.5,-13006.81625
788,37.1,37.4,1.0,-1.0,-0.3,11220.0,11001.6375
789,37.0,37.45,0.0,-1.0,-0.45,16852.5,16634.05875
790,36.3,36.9,0.0,-1.0,-0.6,22140.0,21924.99
791,36.25,36.3,0.0,-1.0,-0.05,1815.0,1602.71625
792,35.4,36.2,0.0,-1.0,-0.8,28960.0,28749.37
793,34.5,35.9,0.0,-1.0,-1.4,50260.0,50051.98
794,34.25,34.5,0.0,-1.0,-0.25,8625.0,8423.53125
795,33.8,34.25,0.0,-1.0,-0.45,15412.5,15212.77875
796,33.3,33.7,0.0,-1.0,-0.4,13480.0,13283.425
797,33.3,33.8,0.0,-1.0,-0.5,16900.0,16702.9825
798,32.55,33.3,0.0,-1.0,-0.75,24975.0,24781.26375
799,32.0,32.85,0.0,-1.0,-0.85,27922.5,27731.53875
800,31.45,32.0,0.0,-1.0,-0.55,17600.0,17413.58375
801,31.6,31.5,0.0,1.0,0.1,3150.0,2965.2825
802,31.3,31.9,1.0,-1.0,-0.6,19140.0,18954.24
803,30.5,31.1,0.0,-1.0,-0.6,18660.0,18478.92
804,31.35,30.6,0.0,1.0,0.75,22950.0,22767.67125
805,31.0,31.5,1.0,-1.0,-0.5,15750.0,15566.4375
806,29.45,30.05,0.0,-1.0,-0.6,18030.0,17855.0625
807,30.5,30.0,0.0,-1.0,0.5,-15000.0,-15176.2125
808,30.5,30.5,1.0,-1.0,0.0,-0.0,-178.425
809,30.45,30.1,0.0,-1.0,0.35,-10535.0,-10711.58375
810,30.2,30.05,1.0,-1.0,0.15,-4507.5,-4683.50625
811,30.35,30.6,1.0,-1.0,-0.25,7650.0,7471.34625
812,30.15,30.5,0.0,-1.0,-0.35,10675.0,10497.07375
813,29.55,30.0,0.0,-1.0,-0.45,13500.0,13325.14125
814,29.1,29.3,0.0,-1.0,-0.2,5860.0,5688.88
815,27.85,29.05,0.0,-1.0,-1.2,34860.0,34691.7675
816,27.15,27.65,0.0,-1.0,-0.5,13825.0,13663.96
817,27.4,27.45,0.0,1.0,-0.05,-1372.5,-1532.86125
818,27.4,27.5,0.0,1.0,-0.1,-2750.0,-2910.4325
819,27.75,27.6,0.0,-1.0,0.15,-4140.0,-4301.67375
820,27.3,27.95,1.0,-1.0,-0.65,18167.5,18004.91875
821,27.75,27.0,0.0,-1.0,0.75,-20250.0,-20409.01875
822,27.25,27.95,1.0,-1.0,-0.7,19565.0,19402.49
823,27.4,27.65,0.0,-1.0,-0.25,6912.5,6751.10375
824,27.95,27.6,0.0,-1.0,0.35,-9660.0,-9821.95875
825,27.7,28.2,1.0,-1.0,-0.5,14100.0,13935.7425
826,27.95,28.0,0.0,1.0,-0.05,-1400.0,-1563.57875
827,27.65,28.0,0.0,-1.0,-0.35,9800.0,9636.69875
828,27.2,27.95,0.0,-1.0,-0.75,20962.5,20800.06125
829,27.3,27.55,0.0,-1.0,-0.25,6887.5,6726.68875
830,26.15,27.3,0.0,-1.0,-1.15,31395.0,31236.93375
831,26.4,26.15,0.0,-1.0,0.25,-6537.5,-6690.83375
832,26.05,26.45,1.0,-1.0,-0.4,10580.0,10425.8375
833,27.35,26.3,0.0,1.0,1.05,27615.0,27456.49875
834,27.0,27.25,1.0,-1.0,-0.25,6812.5,6653.44375
835,26.0,26.5,0.0,-1.0,-0.5,13250.0,13095.6875
836,26.1,26.2,0.0,-1.0,-0.1,2620.0,2466.8725
837,26.75,26.2,0.0,-1.0,0.55,-14410.0,-14564.05375
838,26.75,26.2,1.0,-1.0,0.55,-14410.0,-14564.05375
839,26.9,26.65,1.0,-1.0,0.25,-6662.5,-6818.75875
840,26.6,26.5,1.0,-1.0,0.1,-2650.0,-2805.1675
841,26.5,26.55,1.0,-1.0,-0.05,1327.5,1172.25375
842,26.1,26.2,0.0,-1.0,-0.1,2620.0,2466.8725
843,25.85,26.25,0.0,-1.0,-0.4,10500.0,10347.0075
844,25.65,26.0,0.0,-1.0,-0.35,9100.0,8948.39875
845,25.85,25.85,0.0,-1.0,0.0,-0.0,-151.2225
846,25.5,25.65,0.0,-1.0,-0.15,3847.5,3697.66125
847,25.5,25.6,0.0,-1.0,-0.1,2560.0,2410.3825
848,25.85,25.5,0.0,-1.0,0.35,-8925.0,-9074.67375
849,26.6,25.85,1.0,-1.0,0.75,-19387.5,-19539.79125
850,27.3,26.8,1.0,-1.0,0.5,-13400.0,-13557.4925
851,27.25,27.2,1.0,1.0,0.05,1360.0,1200.65875
852,26.85,27.1,1.0,-1.0,-0.25,6775.0,6616.82125
853,26.6,26.75,0.0,-1.0,-0.15,4012.5,3856.22625
854,27.05,26.8,0.0,-1.0,0.25,-6700.0,-6857.13625
855,28.25,27.3,1.0,-1.0,0.95,-25935.0,-26096.05875
856,28.15,28.3,1.0,-1.0,-0.15,4245.0,4079.65875
857,29.05,28.35,0.0,-1.0,0.7,-19845.0,-20011.845
858,29.1,29.0,1.0,-1.0,0.1,-2900.0,-3069.7925
859,29.3,29.3,1.0,-1.0,0.0,-0.0,-171.405
860,29.3,29.4,0.0,-1.0,-0.1,2940.0,2768.1525
861,29.2,29.3,0.0,-1.0,-0.1,2930.0,2758.7375
862,29.5,29.3,0.0,-1.0,0.2,-5860.0,-6031.69
863,30.0,29.8,1.0,-1.0,0.2,-5960.0,-6134.615
864,29.85,29.9,1.0,-1.0,-0.05,1495.0,1320.15625
865,29.95,29.9,0.0,-1.0,0.05,-1495.0,-1669.98625
866,30.4,29.95,1.0,1.0,0.45,13477.5,13300.30125
867,29.75,30.4,1.0,-1.0,-0.65,19760.0,19583.08625
868,30.45,29.75,0.0,-1.0,0.7,-20825.0,-21000.035
869,30.6,30.6,1.0,-1.0,0.0,-0.0,-179.01
870,29.95,30.45,0.0,-1.0,-0.5,15225.0,15047.58
871,30.7,30.0,0.0,-1.0,0.7,-21000.0,-21176.4975
872,30.4,30.6,1.0,-1.0,-0.2,6120.0,5941.275
873,30.7,30.85,0.0,-1.0,-0.15,4627.5,4447.24125
874,30.1,30.7,0.0,-1.0,-0.6,18420.0,18241.26
875,30.4,30.2,0.0,-1.0,0.2,-6040.0,-6216.955
876,30.85,30.7,1.0,-1.0,0.15,-4605.0,-4784.80875
877,31.6,31.05,1.0,-1.0,0.55,-17077.5,-17259.92625
878,31.65,31.75,1.0,-1.0,-0.1,3175.0,2989.405
879,32.1,31.75,0.0,-1.0,0.35,-11112.5,-11298.73625
880,31.6,31.85,1.0,-1.0,-0.25,7962.5,7776.53375
881,30.85,31.6,0.0,-1.0,-0.75,23700.0,23516.20875
882,31.3,31.0,0.0,-1.0,0.3,-9300.0,-9481.7775
883,31.35,31.2,1.0,1.0,0.15,4680.0,4496.81625
884,30.7,31.0,1.0,-1.0,-0.3,9300.0,9119.0775
885,31.25,30.85,0.0,-1.0,0.4,-12340.0,-12521.0425
886,31.5,31.3,1.0,1.0,0.2,6260.0,6076.01
887,30.8,30.85,1.0,-1.0,-0.05,1542.5,1362.09875
888,30.0,30.4,0.0,-1.0,-0.4,12160.0,11982.73
889,29.85,30.0,0.0,-1.0,-0.15,4500.0,4324.71375
890,30.2,29.75,0.0,-1.0,0.45,-13387.5,-13562.17875
891,30.2,29.4,1.0,-1.0,0.8,-23520.0,-23693.13
892,30.5,30.2,1.0,-1.0,0.3,-9060.0,-9237.0975
893,31.6,30.6,1.0,-1.0,1.0,-30600.0,-30780.435
894,33.0,31.7,1.0,-1.0,1.3,-41210.0,-41397.2975
895,33.55,33.1,1.0,-1.0,0.45,-14895.0,-15089.27625
896,33.95,33.95,1.0,-1.0,0.0,-0.0,-198.6075
897,33.5,34.0,0.0,-1.0,-0.5,17000.0,16801.8125
898,32.85,34.15,0.0,-1.0,-1.3,44395.0,44197.075
899,33.5,33.2,0.0,-1.0,0.3,-9960.0,-10154.6475
900,33.1,33.5,1.0,-1.0,-0.4,13400.0,13204.595
901,33.2,33.0,0.0,-1.0,0.2,-6600.0,-6793.335
902,32.95,33.25,1.0,1.0,-0.3,-9975.0,-10168.185
903,33.0,32.75,0.0,-1.0,0.25,-8187.5,-8379.44375
904,33.25,33.45,1.0,1.0,-0.2,-6690.0,-6884.7975
905,32.9,32.8,0.0,-1.0,0.1,-3280.0,-3472.0225
906,32.65,33.0,1.0,-1.0,-0.35,11550.0,11357.44875
907,31.0,32.0,0.0,-1.0,-1.0,32000.0,31814.225
908,30.8,30.4,0.0,-1.0,0.4,-12160.0,-12338.41
909,30.7,30.5,1.0,-1.0,0.2,-6100.0,-6278.71
910,30.0,30.3,1.0,1.0,-0.3,-9090.0,-9265.9275
911,30.2,29.8,0.0,-1.0,0.4,-11920.0,-12094.9
912,29.65,30.4,1.0,-1.0,-0.75,22800.0,22623.22875
913,29.7,29.5,0.0,1.0,0.2,5900.0,5726.54
914,29.0,29.4,1.0,1.0,-0.4,-11760.0,-11930.22
915,28.6,28.6,0.0,1.0,0.0,0.0,-167.31
916,29.0,28.65,0.0,1.0,0.35,10027.5,9858.34875
917,28.5,28.5,1.0,-1.0,0.0,-0.0,-166.725
918,27.7,28.4,0.0,1.0,-0.7,-19880.0,-20043.0425
919,28.3,27.8,0.0,-1.0,0.5,-13900.0,-14063.3425
920,28.8,28.3,1.0,1.0,0.5,14150.0,13982.2325
921,28.9,29.0,1.0,1.0,-0.1,-2900.0,-3069.2075
922,29.25,29.5,0.0,-1.0,-0.25,7375.0,7202.78125
923,,,0.0,-1.0,,,
