,Close,Open,test,prediction,Cl - Op,profit,profit_r_fee
0,31.68,31.78,0.0,-1.0,-0.1,3178.0,2992.2295
1,31.39,31.68,0.0,-1.0,-0.29,9187.2,9002.28525
2,31.68,31.44,0.0,-1.0,0.24,-7545.6,-7729.866
3,31.39,31.68,1.0,-1.0,-0.29,9187.2,9002.28525
4,31.29,31.29,0.0,1.0,0.0,0.0,-183.0465
5,31.0,31.09,0.0,-1.0,-0.09,2798.1,2616.35175
6,30.75,30.9,0.0,-1.0,-0.15,4635.0,4454.44875
7,30.65,31.14,0.0,-1.0,-0.49,15258.6,15077.12925
8,31.78,30.65,0.0,-1.0,1.13,-34634.5,-34815.41275
9,31.78,31.78,1.0,-1.0,0.0,-0.0,-185.913
10,33.93,31.73,0.0,-1.0,2.2,-69806.0,-69994.7555
11,34.12,34.61,1.0,-1.0,-0.49,16958.9,16757.12975
12,34.81,34.22,0.0,-1.0,0.59,-20189.8,-20390.82775
13,33.73,34.66,1.0,-1.0,-0.93,32233.8,32032.36425
14,33.93,33.83,0.0,-1.0,0.1,-3383.0,-3581.048
15,33.24,34.03,1.0,1.0,-0.79,-26883.7,-27079.27975
16,33.64,33.54,0.0,-1.0,0.1,-3354.0,-3550.3515
17,34.91,34.03,1.0,-1.0,0.88,-29946.4,-30146.7295
18,34.91,34.81,1.0,-1.0,0.1,-3481.0,-3684.781
19,34.91,35.2,1.0,-1.0,-0.29,10208.0,10002.49325
20,34.22,34.91,0.0,-1.0,-0.69,24087.9,23884.65975
21,34.22,34.22,0.0,-1.0,0.0,-0.0,-200.187
22,35.4,34.32,0.0,-1.0,1.08,-37065.6,-37267.911
23,34.86,35.69,1.0,-1.0,-0.83,29622.7,29415.09625
24,34.52,34.86,0.0,-1.0,-0.34,11852.4,11648.9535
25,34.66,34.52,0.0,-1.0,0.14,-4832.8,-5034.9415
26,34.52,34.96,1.0,-1.0,-0.44,15382.4,15178.511
27,34.56,34.91,0.0,-1.0,-0.35,12218.5,12014.77525
28,34.22,34.71,0.0,-1.0,-0.49,17007.9,16805.54475
29,33.93,34.22,0.0,-1.0,-0.29,9923.8,9724.02625
30,33.88,33.98,0.0,-1.0,-0.1,3398.0,3199.3595
31,34.61,33.93,0.0,-1.0,0.68,-23072.4,-23271.8595
32,33.54,34.71,1.0,-1.0,-1.17,40610.7,40409.31375
33,32.95,33.73,0.0,-1.0,-0.78,26309.4,26113.191
34,32.46,32.46,0.0,-1.0,0.0,-0.0,-189.891
35,32.71,32.46,0.0,1.0,0.25,8115.0,7924.00275
36,33.05,32.71,1.0,1.0,0.34,11121.4,10928.542
37,33.44,33.24,1.0,-1.0,0.2,-6648.0,-6842.739
38,33.54,33.64,1.0,-1.0,-0.1,3364.0,3167.3485
39,33.59,33.54,0.0,-1.0,0.05,-1677.0,-1873.28025
40,33.15,33.73,1.0,-1.0,-0.58,19563.4,19366.906
41,32.8,33.0,0.0,-1.0,-0.2,6600.0,6407.235
42,33.05,32.8,0.0,-1.0,0.25,-8200.0,-8392.23625
43,32.66,33.05,1.0,-1.0,-0.39,12889.5,12696.71325
44,32.66,32.66,0.0,-1.0,0.0,-0.0,-191.061
45,30.6,32.66,0.0,-1.0,-2.06,67279.6,67091.4745
46,30.02,30.7,0.0,-1.0,-0.68,20876.0,20697.374
47,30.65,30.07,0.0,1.0,0.58,17440.6,17262.124
48,30.41,30.8,1.0,-1.0,-0.39,12012.0,11832.37575
49,30.85,30.41,0.0,-1.0,0.44,-13380.4,-13558.9255
50,31.68,31.0,1.0,-1.0,0.68,-21080.0,-21262.319
51,32.07,31.68,1.0,-1.0,0.39,-12355.2,-12541.08375
52,32.27,32.07,1.0,1.0,0.2,6414.0,6225.5055
53,32.46,32.27,1.0,-1.0,0.19,-6131.3,-6320.35025
54,32.32,31.78,1.0,-1.0,0.54,-17161.2,-17347.8825
55,32.76,32.07,1.0,-1.0,0.69,-22128.3,-22316.89275
56,32.76,32.76,1.0,-1.0,0.0,-0.0,-191.646
57,32.27,32.76,0.0,-1.0,-0.49,16052.4,15861.45225
58,33.44,32.56,0.0,-1.0,0.88,-28652.8,-28844.53
59,32.95,33.34,1.0,-1.0,-0.39,13002.6,12808.11675
60,32.76,32.66,0.0,-1.0,0.1,-3266.0,-3457.2035
61,32.76,32.76,1.0,-1.0,0.0,-0.0,-191.646
62,32.66,32.95,0.0,-1.0,-0.29,9555.5,9363.15575
63,31.97,32.66,0.0,-1.0,-0.69,22535.4,22345.32225
64,31.97,31.97,0.0,-1.0,0.0,-0.0,-187.0245
65,32.46,32.07,0.0,-1.0,0.39,-12507.3,-12695.46525
66,32.61,32.66,1.0,-1.0,-0.05,1633.0,1442.01025
67,32.95,32.61,0.0,-1.0,0.34,-11087.4,-11278.653
68,33.29,32.95,1.0,-1.0,0.34,-11203.0,-11396.242
69,33.78,33.34,1.0,-1.0,0.44,-14669.6,-14865.266
70,33.98,33.83,1.0,-1.0,0.15,-5074.5,-5272.61925
71,34.12,34.12,1.0,-1.0,0.0,-0.0,-199.602
72,33.78,34.08,0.0,-1.0,-0.3,10224.0,10025.0595
73,33.88,33.78,0.0,1.0,0.1,3378.0,3179.9445
74,33.78,33.83,1.0,-1.0,-0.05,1691.5,1493.66575
75,33.83,34.03,0.0,-1.0,-0.2,6806.0,6607.2095
76,33.54,33.83,0.0,-1.0,-0.29,9810.7,9613.20775
77,33.54,33.54,0.0,-1.0,0.0,-0.0,-196.209
78,33.64,33.83,0.0,-1.0,-0.19,6427.7,6230.06525
79,33.64,33.73,0.0,-1.0,-0.09,3035.7,2838.50775
80,33.73,33.64,0.0,-1.0,0.09,-3027.6,-3224.52225
81,34.32,33.83,1.0,-1.0,0.49,-16576.7,-16775.30375
82,34.32,34.42,1.0,-1.0,-0.1,3442.0,3240.7855
83,34.27,34.32,0.0,-1.0,-0.05,1716.0,1515.29925
84,34.32,34.27,0.0,-1.0,0.05,-1713.5,-1914.05075
85,34.22,34.47,1.0,-1.0,-0.25,8617.5,8416.20675
86,34.76,35.0,0.0,-1.0,-0.24,8400.0,8195.592
87,35.2,34.71,0.0,-1.0,0.49,-17007.9,-17211.65175
88,35.44,35.59,1.0,1.0,-0.15,-5338.5,-5546.03775
89,35.3,35.44,0.0,-1.0,-0.14,4961.6,4754.4755
90,35.2,35.3,0.0,-1.0,-0.1,3530.0,3323.6375
91,35.35,35.2,0.0,-1.0,0.15,-5280.0,-5486.13375
92,37.69,35.69,1.0,-1.0,2.0,-71380.0,-71591.6365
93,37.64,38.04,1.0,1.0,-0.4,-15216.0,-15436.764
94,37.5,37.64,0.0,-1.0,-0.14,5269.6,5049.6055
95,38.72,37.74,0.0,-1.0,0.98,-36985.2,-37207.3755
96,38.28,38.72,1.0,-1.0,-0.44,17036.8,16810.915
97,38.62,38.18,0.0,-1.0,0.44,-16799.2,-17023.18
98,38.62,38.82,1.0,-1.0,-0.2,7764.0,7537.188
99,39.84,39.11,0.0,1.0,0.73,28550.3,28318.27625
100,40.58,39.84,1.0,-1.0,0.74,-29481.6,-29715.7185
101,40.63,40.63,1.0,-1.0,0.0,-0.0,-237.6855
102,40.92,40.82,0.0,-1.0,0.1,-4082.0,-4320.9395
103,40.58,41.16,1.0,-1.0,-0.58,23872.8,23632.8405
104,40.38,40.87,0.0,-1.0,-0.49,20026.3,19787.90875
105,40.58,40.38,0.0,-1.0,0.2,-8076.0,-8312.508
106,39.8,40.58,1.0,-1.0,-0.78,31652.4,31416.1185
107,40.09,39.89,0.0,1.0,0.2,7978.0,7743.7585
108,40.38,40.09,1.0,-1.0,0.29,-11626.1,-11861.03975
109,40.09,40.58,1.0,-1.0,-0.49,19884.2,19647.50525
110,40.48,40.19,0.0,-1.0,0.29,-11655.1,-11890.62475
111,40.63,40.58,1.0,-1.0,0.05,-2029.0,-2266.46425
112,40.48,40.68,1.0,-1.0,-0.2,8136.0,7898.307
113,40.14,40.48,0.0,-1.0,-0.34,13763.2,13526.8765
114,41.51,40.14,0.0,-1.0,1.37,-54991.8,-55228.57125
115,42.04,41.65,1.0,-1.0,0.39,-16243.5,-16487.70825
116,42.04,41.65,1.0,-1.0,0.39,-16243.5,-16487.70825
117,42.97,42.04,1.0,-1.0,0.93,-39097.2,-39344.45925
118,43.12,43.51,1.0,-1.0,-0.39,16968.9,16714.92225
119,42.19,43.12,0.0,-1.0,-0.93,40101.6,39850.67325
120,42.34,42.34,0.0,-1.0,0.0,-0.0,-247.689
121,41.07,40.19,0.0,-1.0,0.88,-35367.2,-35603.5655
122,41.56,41.07,1.0,-1.0,0.49,-20124.3,-20365.25775
123,42.63,41.85,1.0,1.0,0.78,32643.0,32394.726
124,42.83,42.48,1.0,-1.0,0.35,-14868.0,-15117.00675
125,42.44,42.53,1.0,-1.0,-0.09,3827.7,3579.02775
126,43.02,42.53,0.0,-1.0,0.49,-20839.7,-21089.19875
127,44.98,43.27,1.0,-1.0,1.71,-73991.7,-74247.26625
128,44.15,44.88,1.0,-1.0,-0.73,32762.4,32500.89225
129,44.64,44.15,0.0,-1.0,0.49,-21633.5,-21892.47575
130,44.68,44.68,1.0,-1.0,0.0,-0.0,-261.378
131,44.68,44.73,0.0,-1.0,-0.05,2236.5,1974.90075
132,44.29,44.73,0.0,-1.0,-0.44,19681.2,19420.1565
133,44.39,44.29,0.0,-1.0,0.1,-4429.0,-4688.239
134,44.44,44.49,1.0,-1.0,-0.05,2224.5,1964.30475
135,44.15,44.49,0.0,-1.0,-0.34,15126.6,14866.818
136,43.51,44.15,0.0,-1.0,-0.64,28256.0,27998.6345
137,43.85,43.51,0.0,-1.0,0.34,-14793.4,-15048.418
138,43.22,43.9,1.0,-1.0,-0.68,29852.0,29596.154
139,42.83,43.41,0.0,-1.0,-0.58,25177.8,24924.678
140,42.83,42.53,0.0,-1.0,0.3,-12759.0,-13008.228
141,43.22,43.27,1.0,-1.0,-0.05,2163.5,1910.44175
142,42.63,43.22,0.0,-1.0,-0.59,25499.8,25247.80375
143,43.02,42.73,0.0,-1.0,0.29,-12391.7,-12642.08375
144,43.51,43.02,1.0,-1.0,0.49,-21079.8,-21332.16525
145,43.56,43.8,1.0,-1.0,-0.24,10512.0,10256.112
146,44.0,43.56,0.0,-1.0,0.44,-19166.4,-19421.853
147,43.8,43.85,1.0,-1.0,-0.05,2192.5,1936.04875
148,42.97,43.76,0.0,-1.0,-0.79,34570.4,34315.52975
149,42.68,42.83,0.0,-1.0,-0.15,6424.5,6174.15825
150,42.63,42.73,0.0,-1.0,-0.1,4273.0,4023.172
151,41.65,42.14,0.0,-1.0,-0.49,20648.6,20402.77925
152,41.07,41.65,0.0,-1.0,-0.58,24157.0,23914.174
153,40.72,41.07,0.0,1.0,-0.35,-14374.5,-14613.21075
154,42.04,40.97,0.0,1.0,1.07,43837.9,43593.49075
155,41.07,42.14,1.0,-1.0,-1.07,45089.8,44844.80575
156,42.04,41.16,0.0,-1.0,0.88,-36220.8,-36462.84
157,41.51,41.36,1.0,1.0,0.15,6204.0,5961.38025
158,42.04,42.04,1.0,1.0,0.0,0.0,-245.934
159,43.9,42.04,0.0,-1.0,1.86,-78194.4,-78442.9845
160,44.64,44.2,1.0,-1.0,0.44,-19448.0,-19707.197
161,44.05,44.88,1.0,-1.0,-0.83,37250.4,36989.03475
162,44.0,44.49,0.0,-1.0,-0.49,21800.1,21540.53175
163,44.15,44.05,0.0,-1.0,0.1,-4405.0,-4662.835
164,44.83,44.29,1.0,-1.0,0.54,-23916.6,-24176.466
165,44.44,44.93,1.0,-1.0,-0.49,22015.7,21753.55775
166,44.49,44.29,0.0,-1.0,0.2,-8858.0,-9117.3815
167,44.98,44.68,1.0,-1.0,0.3,-13404.0,-13665.8055
168,45.56,45.17,1.0,-1.0,0.39,-17616.3,-17881.10025
169,45.86,45.86,1.0,-1.0,0.0,-0.0,-268.281
170,45.27,46.15,0.0,-1.0,-0.88,40612.0,40343.2765
171,45.27,45.71,0.0,-1.0,-0.44,20112.4,19845.6235
172,46.2,45.56,0.0,-1.0,0.64,-29158.4,-29425.838
173,45.91,46.44,1.0,-1.0,-0.53,24613.2,24342.28125
174,45.96,45.96,0.0,-1.0,0.0,-0.0,-268.866
175,45.96,45.96,0.0,-1.0,0.0,-0.0,-268.866
176,45.96,45.96,0.0,-1.0,0.0,-0.0,-268.866
177,45.22,45.96,0.0,-1.0,-0.74,34010.4,33742.5885
178,45.86,45.86,0.0,-1.0,0.0,-0.0,-268.281
179,46.93,45.86,0.0,-1.0,1.07,-49070.2,-49340.00575
180,47.13,46.93,1.0,-1.0,0.2,-9386.0,-9660.8255
181,47.42,47.13,1.0,-1.0,0.29,-13667.7,-13943.82375
182,47.28,47.42,1.0,-1.0,-0.14,6638.8,6361.5925
183,46.74,47.28,0.0,-1.0,-0.54,25531.2,25255.3815
184,47.91,46.88,0.0,-1.0,1.03,-48286.4,-48562.11575
185,49.96,48.11,1.0,1.0,1.85,89003.5,88713.87025
186,49.57,50.36,1.0,-1.0,-0.79,39784.4,39490.91975
187,49.38,49.57,0.0,-1.0,-0.19,9418.3,9128.58625
188,50.84,49.38,0.0,-1.0,1.46,-72094.8,-72385.7535
189,51.63,50.84,1.0,-1.0,0.79,-40163.6,-40462.13975
190,50.84,50.36,1.0,-1.0,0.48,-24172.8,-24468.09
191,50.65,51.04,1.0,-1.0,-0.39,19905.6,19607.57175
192,50.84,50.45,0.0,-1.0,0.39,-19675.5,-19971.18825
193,50.94,50.65,1.0,-1.0,0.29,-14688.5,-14985.21575
194,50.26,50.94,1.0,-1.0,-0.68,34639.2,34342.17
195,50.45,50.55,0.0,-1.0,-0.1,5055.0,4759.425
196,49.87,50.65,0.0,-1.0,-0.78,39507.0,39211.809
197,48.55,49.67,0.0,-1.0,-1.12,55630.4,55341.4265
198,47.52,48.69,0.0,-1.0,-1.17,56967.3,56684.13075
199,47.86,47.72,0.0,1.0,0.14,6680.8,6401.0185
200,48.84,48.01,1.0,1.0,0.83,39848.3,39563.76875
201,48.84,48.84,1.0,1.0,0.0,0.0,-285.714
202,47.81,48.3,0.0,-1.0,-0.49,23667.0,23385.14325
203,48.89,46.93,0.0,-1.0,1.96,-91982.8,-92260.1335
204,48.4,48.84,1.0,1.0,-0.44,-21489.6,-21773.367
205,47.57,47.91,0.0,1.0,-0.34,-16289.4,-16568.169
206,48.01,48.45,0.0,1.0,-0.44,-21318.0,-21599.4855
207,49.18,48.2,0.0,1.0,0.98,47236.0,46949.6935
208,49.77,49.57,1.0,-1.0,0.2,-9914.0,-10204.2695
209,50.36,49.77,1.0,-1.0,0.59,-29364.3,-29656.29525
210,50.06,50.36,1.0,-1.0,-0.3,15108.0,14813.8215
211,50.06,50.36,0.0,-1.0,-0.3,15108.0,14813.8215
212,49.87,49.77,0.0,-1.0,0.1,-4977.0,-5268.297
213,51.14,50.06,1.0,-1.0,1.08,-54064.8,-54359.19
214,51.14,51.14,1.0,-1.0,0.0,-0.0,-299.169
215,52.02,51.14,0.0,-1.0,0.88,-45003.2,-45303.623
216,54.27,52.02,1.0,-1.0,2.25,-117045.0,-117352.52325
217,53.88,54.56,1.0,-1.0,-0.68,37100.8,36782.593
218,56.42,54.46,0.0,-1.0,1.96,-106741.6,-107062.984
219,56.91,56.22,1.0,-1.0,0.69,-38791.8,-39121.67025
220,58.37,56.71,1.0,-1.0,1.66,-94138.6,-94472.719
221,58.18,57.98,1.0,-1.0,0.2,-11596.0,-11935.468
222,57.39,58.47,1.0,-1.0,-1.08,63147.6,62807.0895
223,55.12,57.29,0.0,-1.0,-2.17,124319.3,123987.24575
224,58.18,55.12,0.0,1.0,3.06,168667.2,168331.2075
225,58.87,58.38,1.0,-1.0,0.49,-28606.2,-28948.42125
226,58.38,58.97,1.0,-1.0,-0.59,34792.3,34448.16625
227,57.19,58.18,0.0,-1.0,-0.99,57598.2,57259.25775
228,55.81,57.19,0.0,-1.0,-1.38,78922.2,78589.605
229,53.93,55.41,0.0,-1.0,-1.48,82006.8,81684.7605
230,53.83,53.93,0.0,-1.0,-0.1,5393.0,5077.652
231,54.82,54.23,0.0,1.0,0.59,31995.7,31675.84375
232,54.52,55.41,1.0,1.0,-0.89,-49314.9,-49635.11025
233,54.62,55.12,0.0,-1.0,-0.5,27560.0,27238.2605
234,55.81,54.82,0.0,1.0,0.99,54271.8,53946.72225
235,55.61,55.81,1.0,1.0,-0.2,-11162.0,-11487.6035
236,55.02,55.61,0.0,-1.0,-0.59,32809.9,32485.42225
237,55.12,55.02,0.0,-1.0,0.1,-5502.0,-5824.0095
238,54.52,55.12,1.0,1.0,-0.6,-33072.0,-33391.797
239,55.31,54.62,0.0,1.0,0.69,37687.8,37365.21975
240,56.5,55.71,1.0,-1.0,0.79,-44010.9,-44337.92925
241,56.1,55.71,1.0,1.0,0.39,21726.9,21399.27075
242,55.51,55.41,1.0,-1.0,0.1,-5541.0,-5865.291
243,55.12,54.82,1.0,-1.0,0.3,-16446.0,-16767.1245
244,55.02,55.12,1.0,1.0,-0.1,-5512.0,-5834.0095
245,53.63,55.02,0.0,-1.0,-1.39,76477.8,76157.91375
246,54.13,53.04,0.0,-1.0,1.09,-57813.6,-58125.43725
247,54.42,54.52,1.0,1.0,-0.1,-5452.0,-5770.4995
248,55.21,54.82,0.0,1.0,0.39,21379.8,21057.37725
249,54.23,55.21,1.0,-1.0,-0.98,54105.8,53784.218
250,54.13,53.83,0.0,-1.0,0.3,-16149.0,-16464.333
251,54.13,54.33,1.0,-1.0,-0.2,10866.0,10548.4545
252,56.5,54.13,0.0,-1.0,2.37,-128288.1,-128608.13775
253,55.91,56.5,1.0,1.0,-0.59,-33335.0,-33662.91425
254,56.1,56.2,0.0,-1.0,-0.1,5620.0,5291.3725
255,56.01,55.91,0.0,-1.0,0.1,-5591.0,-5918.216
256,57.09,56.3,1.0,-1.0,0.79,-44477.0,-44807.48075
257,56.7,56.89,1.0,-1.0,-0.19,10809.1,10476.56425
258,56.3,56.7,0.0,-1.0,-0.4,22680.0,22348.875
259,56.01,56.3,0.0,-1.0,-0.29,16327.0,15998.05825
260,55.41,56.01,0.0,-1.0,-0.6,33606.0,33279.1965
261,57.29,55.41,0.0,-1.0,1.88,-104170.8,-104497.6275
262,57.09,57.59,1.0,-1.0,-0.5,28795.0,28458.811
263,57.49,57.39,0.0,-1.0,0.1,-5739.0,-6074.874
264,58.28,57.78,1.0,-1.0,0.5,-28890.0,-29228.7255
265,57.39,58.28,1.0,-1.0,-0.89,51869.2,51529.53025
266,57.09,56.99,0.0,-1.0,0.1,-5699.0,-6032.534
267,57.49,57.68,1.0,-1.0,-0.19,10959.2,10622.04275
268,57.68,57.39,0.0,-1.0,0.29,-16643.1,-16979.24475
269,57.78,57.68,1.0,-1.0,0.1,-5768.0,-6105.5705
270,56.8,57.49,1.0,-1.0,-0.69,39668.1,39332.76675
271,57.09,56.8,0.0,-1.0,0.29,-16472.0,-16804.69325
272,56.99,56.8,1.0,-1.0,0.19,-10792.0,-11124.55075
273,56.99,56.99,1.0,-1.0,0.0,-0.0,-333.3915
274,57.19,56.99,0.0,-1.0,0.2,-11398.0,-11731.6765
275,58.28,57.29,1.0,-1.0,0.99,-56717.1,-57053.65725
276,58.28,58.28,1.0,-1.0,0.0,-0.0,-340.938
277,57.98,58.28,0.0,-1.0,-0.3,17484.0,17143.4895
278,57.88,57.98,0.0,-1.0,-0.1,5798.0,5458.9595
279,57.29,57.78,0.0,-1.0,-0.49,28312.2,27974.88525
280,58.08,58.28,0.0,-1.0,-0.2,11656.0,11315.347
281,57.49,57.49,0.0,-1.0,0.0,-0.0,-336.3165
282,57.78,58.67,0.0,-1.0,-0.89,52216.3,51874.34875
283,57.39,57.88,0.0,-1.0,-0.49,28361.2,28023.30025
284,57.19,57.78,0.0,-1.0,-0.59,34090.2,33753.02775
285,56.99,57.19,0.0,-1.0,-0.2,11438.0,11103.7235
286,56.5,56.99,0.0,-1.0,-0.49,27925.1,27592.40675
287,55.61,56.4,0.0,-1.0,-0.79,44556.0,44227.18575
288,55.71,55.81,0.0,1.0,-0.1,-5581.0,-5907.046
289,55.81,55.41,0.0,1.0,0.4,22164.0,21838.0815
290,55.81,55.31,1.0,1.0,0.5,27655.0,27329.224
291,56.01,56.01,1.0,1.0,0.0,0.0,-327.6585
292,56.4,56.7,0.0,1.0,-0.3,-17010.0,-17340.3675
293,55.91,55.81,0.0,1.0,0.1,5581.0,5254.069
294,55.02,55.41,1.0,-1.0,-0.39,21609.9,21286.30725
295,55.12,55.71,0.0,-1.0,-0.59,32868.9,32543.83725
296,52.15,51.26,0.0,-1.0,0.89,-45621.4,-45922.53925
297,50.87,48.89,1.0,-1.0,1.98,-96802.2,-97091.028
298,50.57,50.37,1.0,1.0,0.2,10074.0,9778.4505
299,47.07,47.21,1.0,1.0,-0.14,-6609.4,-6884.959
300,45.34,45.53,0.0,-1.0,-0.19,8650.7,8384.62025
301,43.36,45.34,0.0,-1.0,-1.98,89773.2,89510.7825
302,45.49,41.78,0.0,-1.0,3.71,-155003.8,-155253.49975
303,45.63,45.44,1.0,-1.0,0.19,-8633.6,-8899.69475
304,46.62,45.44,1.0,-1.0,1.18,-53619.2,-53886.7055
305,47.95,46.62,1.0,-1.0,1.33,-62004.6,-62279.22225
306,48.89,48.35,1.0,-1.0,0.54,-26109.0,-26392.617
307,48.15,48.6,1.0,1.0,-0.45,-21870.0,-22152.31875
308,46.57,47.81,0.0,1.0,-1.24,-59284.4,-59558.6015
309,46.62,45.53,0.0,-1.0,1.09,-49627.7,-49895.60375
310,45.93,46.23,1.0,-1.0,-0.3,13869.0,13598.982
311,46.28,46.13,0.0,-1.0,0.15,-6919.5,-7189.57425
312,47.71,46.87,1.0,-1.0,0.84,-39370.8,-39646.1865
313,47.95,48.0,1.0,-1.0,-0.05,2400.0,2119.27125
314,48.3,48.79,0.0,1.0,-0.49,-23907.1,-24190.35325
315,47.81,48.6,0.0,-1.0,-0.79,38394.0,38110.81575
316,48.15,47.91,0.0,-1.0,0.24,-11498.4,-11779.0155
317,48.99,48.0,1.0,1.0,0.99,47520.0,47234.81925
318,51.46,48.99,1.0,-1.0,2.47,-121005.3,-121295.41125
319,50.57,51.46,1.0,-1.0,-0.89,45799.4,45499.62725
320,49.98,49.88,0.0,-1.0,0.1,-4988.0,-5279.9405
321,49.68,50.37,1.0,-1.0,-0.69,34755.3,34461.61875
322,49.98,49.68,0.0,-1.0,0.3,-14904.0,-15195.0555
323,50.18,50.37,1.0,-1.0,-0.19,9570.3,9275.90625
324,49.58,49.39,0.0,-1.0,0.19,-9384.1,-9673.30225
325,49.78,49.14,1.0,-1.0,0.64,-31449.6,-31737.981
326,49.58,49.78,1.0,-1.0,-0.2,9956.0,9665.072
327,49.39,49.39,0.0,-1.0,0.0,-0.0,-288.9315
328,49.39,49.39,0.0,-1.0,0.0,-0.0,-288.9315
329,49.39,49.39,0.0,-1.0,0.0,-0.0,-288.9315
330,49.68,49.39,0.0,-1.0,0.29,-14323.1,-14612.44475
331,49.68,49.88,1.0,-1.0,-0.2,9976.0,9684.487
332,49.78,50.37,0.0,-1.0,-0.59,29718.3,29424.47625
333,49.68,49.78,0.0,-1.0,-0.1,4978.0,4686.9295
334,49.88,50.08,0.0,-1.0,-0.2,10016.0,9723.317
335,50.87,49.88,0.0,-1.0,0.99,-49381.2,-49674.40875
336,51.56,51.17,1.0,-1.0,0.39,-19956.3,-20256.20025
337,51.76,51.66,1.0,-1.0,0.1,-5166.0,-5468.3535
338,50.47,51.76,1.0,-1.0,-1.29,66770.4,66469.44225
339,50.37,50.67,0.0,-1.0,-0.3,15201.0,14905.008
340,49.78,50.37,0.0,1.0,-0.59,-29718.3,-30010.35375
341,49.98,49.88,0.0,-1.0,0.1,-4988.0,-5279.9405
342,49.49,50.18,1.0,-1.0,-0.69,34624.2,34331.63025
343,48.89,49.49,0.0,-1.0,-0.6,29694.0,29405.3385
344,48.84,49.58,0.0,-1.0,-0.74,36689.2,36400.2115
345,49.39,48.4,0.0,-1.0,0.99,-47916.0,-48200.55075
346,48.99,49.39,1.0,-1.0,-0.4,19756.0,19467.6385
347,49.09,49.04,0.0,-1.0,0.05,-2452.0,-2738.95525
348,48.89,49.09,1.0,-1.0,-0.2,9818.0,9531.1085
349,48.84,48.99,0.0,-1.0,-0.15,7348.5,7062.12225
350,49.14,48.84,0.0,-1.0,0.3,-14652.0,-14938.1415
351,49.04,49.14,1.0,-1.0,-0.1,4914.0,4626.6735
352,48.75,48.84,0.0,-1.0,-0.09,4395.6,4110.01425
353,47.56,48.65,0.0,-1.0,-1.09,53028.5,52745.45075
354,47.66,47.41,0.0,-1.0,0.25,-11852.5,-12130.20475
355,47.46,47.51,1.0,-1.0,-0.05,2375.5,2097.63775
356,47.41,47.36,0.0,-1.0,0.05,-2368.0,-2645.12725
357,47.41,47.41,1.0,-1.0,0.0,-0.0,-277.3485
358,48.55,47.81,0.0,-1.0,0.74,-35379.4,-35660.143
359,49.34,48.99,1.0,-1.0,0.35,-17146.5,-17433.59025
360,48.84,49.39,1.0,-1.0,-0.55,27164.5,26876.35225
361,48.79,48.65,0.0,-1.0,0.14,-6811.0,-7095.802
362,49.04,48.5,1.0,-1.0,0.54,-26190.0,-26474.4945
363,49.39,48.99,1.0,-1.0,0.4,-19596.0,-19883.1615
364,50.37,49.88,1.0,-1.0,0.49,-24441.2,-24733.69625
365,49.88,50.57,1.0,-1.0,-0.69,34893.3,34598.44875
366,49.39,49.88,0.0,-1.0,-0.49,24441.2,24150.10025
367,49.34,49.19,0.0,-1.0,0.15,-7378.5,-7666.47525
368,49.34,49.39,1.0,-1.0,-0.05,2469.5,2180.63975
369,48.89,49.34,0.0,-1.0,-0.45,22203.0,21915.00225
370,48.65,48.89,0.0,-1.0,-0.24,11733.6,11447.9355
371,48.4,48.65,0.0,-1.0,-0.25,12162.5,11878.25375
372,48.35,48.4,0.0,-1.0,-0.05,2420.0,2136.93125
373,48.45,48.35,0.0,1.0,0.1,4835.0,4551.71
374,48.25,48.75,1.0,1.0,-0.5,-24375.0,-24657.975
375,48.25,48.4,0.0,-1.0,-0.15,7260.0,6977.07375
376,47.86,48.1,0.0,-1.0,-0.24,11544.0,11262.957
377,47.66,47.91,0.0,-1.0,-0.25,11977.5,11697.58275
378,47.41,47.66,0.0,-1.0,-0.25,11915.0,11636.54525
379,47.46,47.41,0.0,1.0,0.05,2370.5,2092.93025
380,47.41,47.41,1.0,1.0,0.0,0.0,-277.3485
381,47.46,47.41,0.0,1.0,0.05,2370.5,2092.93025
382,47.51,47.41,1.0,-1.0,0.1,-4741.0,-5018.491
383,48.2,47.91,1.0,-1.0,0.29,-13893.9,-14174.58675
384,48.0,48.6,1.0,-1.0,-0.6,29160.0,28876.545
385,47.41,48.0,0.0,-1.0,-0.59,28320.0,28040.04075
386,46.92,47.31,0.0,-1.0,-0.39,18450.9,18174.69225
387,46.28,46.92,0.0,1.0,-0.64,-30028.8,-30300.45
388,46.08,45.93,0.0,1.0,0.15,6889.5,6620.14575
389,46.03,46.08,1.0,1.0,-0.05,-2304.0,-2573.34675
390,46.52,46.42,0.0,-1.0,0.1,-4642.0,-4913.6995
391,46.42,46.52,1.0,-1.0,-0.1,4652.0,4380.0005
392,46.18,46.42,0.0,-1.0,-0.24,11140.8,10869.585
393,45.34,46.08,0.0,-1.0,-0.74,34099.2,33830.6865
394,45.24,45.44,0.0,-1.0,-0.2,9088.0,8822.461
395,44.99,45.34,0.0,-1.0,-0.35,15869.0,15604.25975
396,45.14,44.79,0.0,1.0,0.35,15676.5,15412.92975
397,44.55,45.04,1.0,1.0,-0.49,-22069.6,-22330.91575
398,44.55,44.55,0.0,-1.0,0.0,-0.0,-260.6175
399,44.55,44.55,0.0,-1.0,0.0,-0.0,-260.6175
400,44.6,44.55,0.0,-1.0,0.05,-2227.5,-2488.18875
401,44.45,44.6,1.0,-1.0,-0.15,6690.0,6429.30375
402,44.45,44.45,0.0,-1.0,0.0,-0.0,-260.0325
403,45.24,44.55,0.0,-1.0,0.69,-30739.5,-31001.10075
404,45.24,45.24,1.0,-1.0,0.0,-0.0,-264.654
405,45.58,45.24,0.0,-1.0,0.34,-15381.6,-15646.7385
406,45.63,45.78,1.0,-1.0,-0.15,6867.0,6599.40075
407,45.29,45.63,0.0,-1.0,-0.34,15514.2,15247.749
408,44.7,44.94,0.0,-1.0,-0.24,10785.6,10523.043
409,44.65,44.74,0.0,-1.0,-0.09,4026.6,3764.99925
410,44.5,44.7,0.0,-1.0,-0.2,8940.0,8678.79
411,43.56,44.5,0.0,-1.0,-0.94,41830.0,41571.0145
412,44.3,43.02,0.0,-1.0,1.28,-55065.6,-55319.091
413,44.45,45.14,1.0,1.0,-0.69,-31146.6,-31407.61575
414,44.3,44.55,0.0,-1.0,-0.25,11137.5,10877.23875
415,44.45,43.95,0.0,-1.0,0.5,-21975.0,-22232.82
416,44.4,44.45,1.0,-1.0,-0.05,2222.5,1962.53875
417,44.2,44.4,0.0,-1.0,-0.2,8880.0,8620.545
418,44.4,44.45,0.0,-1.0,-0.05,2222.5,1962.53875
419,44.35,44.45,0.0,-1.0,-0.1,4445.0,4185.11
420,44.15,44.15,0.0,-1.0,0.0,-0.0,-258.2775
421,43.16,44.15,0.0,-1.0,-0.99,43708.5,43451.63325
422,42.23,43.26,0.0,-1.0,-1.03,44557.8,44306.19675
423,42.47,42.28,0.0,-1.0,0.19,-8033.2,-8280.80875
424,41.98,42.47,1.0,1.0,-0.49,-20810.3,-21056.58125
425,41.53,41.98,0.0,-1.0,-0.45,18891.0,18646.05825
426,41.58,41.53,0.0,-1.0,0.05,-2076.5,-2319.52175
427,41.68,41.78,1.0,-1.0,-0.1,4178.0,3933.7295
428,41.49,41.49,0.0,-1.0,0.0,-0.0,-242.7165
429,42.13,41.53,0.0,-1.0,0.6,-24918.0,-25161.8055
430,43.21,42.42,1.0,-1.0,0.79,-33511.8,-33761.08275
431,44.25,43.26,1.0,-1.0,0.99,-42827.4,-43081.88175
432,44.35,44.25,1.0,-1.0,0.1,-4425.0,-4684.005
433,44.45,44.4,1.0,-1.0,0.05,-2220.0,-2479.81125
434,44.25,44.45,1.0,-1.0,-0.2,8890.0,8630.2525
435,44.45,44.25,0.0,-1.0,0.2,-8850.0,-9109.1475
436,44.99,44.45,1.0,-1.0,0.54,-24003.0,-24263.802
437,45.93,44.99,1.0,-1.0,0.94,-42290.6,-42555.131
438,45.04,45.93,1.0,-1.0,-0.89,40877.7,40610.27775
439,44.35,45.04,0.0,-1.0,-0.69,31077.6,30815.09925
440,43.76,44.35,0.0,-1.0,-0.59,26166.5,25907.89325
441,43.66,43.76,0.0,-1.0,-0.1,4376.0,4120.1465
442,44.3,43.51,0.0,-1.0,0.79,-34372.9,-34628.55925
443,44.7,44.0,1.0,1.0,0.7,30800.0,30539.5025
444,44.55,44.45,1.0,-1.0,0.1,-4445.0,-4705.175
445,44.74,44.65,1.0,-1.0,0.09,-4018.5,-4279.83075
446,44.55,44.55,1.0,-1.0,0.0,-0.0,-260.6175
447,45.04,44.45,0.0,-1.0,0.59,-26225.5,-26486.37325
448,44.55,45.04,1.0,-1.0,-0.49,22069.6,21806.81425
449,44.5,44.55,0.0,-1.0,-0.05,2227.5,1966.95375
450,44.15,44.35,0.0,-1.0,-0.2,8870.0,8610.8375
451,44.6,44.2,0.0,-1.0,0.4,-17680.0,-17939.14
452,44.45,44.15,1.0,-1.0,0.3,-13245.0,-13503.705
453,44.55,44.45,1.0,-1.0,0.1,-4445.0,-4705.175
454,44.45,44.65,1.0,-1.0,-0.2,8930.0,8669.0825
455,44.55,44.94,0.0,-1.0,-0.39,17526.6,17264.25675
456,44.3,44.55,0.0,-1.0,-0.25,11137.5,10877.23875
457,44.25,44.45,0.0,-1.0,-0.2,8890.0,8630.2525
458,44.5,44.45,0.0,-1.0,0.05,-2222.5,-2482.60375
459,45.73,44.55,1.0,-1.0,1.18,-52569.0,-52831.299
460,45.83,46.13,1.0,-1.0,-0.3,13839.0,13569.567
461,45.93,45.83,0.0,-1.0,0.1,-4583.0,-4851.248
462,45.93,45.63,1.0,-1.0,0.3,-13689.0,-13956.363
463,46.97,45.93,1.0,-1.0,1.04,-47767.2,-48037.3725
464,47.66,46.92,1.0,-1.0,0.74,-34720.8,-34996.3365
465,49.39,47.91,1.0,-1.0,1.48,-70906.8,-71189.1825
466,48.05,49.39,1.0,-1.0,-1.34,66182.6,65895.578
467,47.02,47.66,0.0,-1.0,-0.64,30502.4,30224.501
468,47.91,47.02,0.0,-1.0,0.89,-41847.8,-42124.13525
469,47.81,47.61,1.0,-1.0,0.2,-9522.0,-9800.8035
470,48.35,47.81,1.0,1.0,0.54,25817.4,25535.322
471,47.6,48.6,1.0,1.0,-1.0,-48600.0,-48879.885
472,48.0,48.0,0.0,-1.0,0.0,-0.0,-280.8
473,47.0,48.0,0.0,-1.0,-1.0,48000.0,47720.625
474,47.2,47.05,0.0,-1.0,0.15,-7057.5,-7332.95625
475,48.65,47.75,1.0,-1.0,0.9,-42975.0,-43255.62
476,48.3,48.9,1.0,-1.0,-0.6,29340.0,29054.79
477,48.25,48.25,0.0,-1.0,0.0,-0.0,-282.2625
478,47.3,46.0,0.0,-1.0,1.3,-59800.0,-60070.9525
479,47.8,47.3,1.0,-1.0,0.5,-23650.0,-23927.4175
480,46.5,48.2,1.0,-1.0,-1.7,81940.0,81660.4525
481,45.6,46.55,0.0,-1.0,-0.95,44222.5,43951.53625
482,46.3,45.6,0.0,-1.0,0.7,-31920.0,-32187.7575
483,46.35,45.65,1.0,1.0,0.7,31955.0,31684.85
484,46.6,46.5,1.0,-1.0,0.1,-4650.0,-4922.1675
485,46.7,46.6,1.0,-1.0,0.1,-4660.0,-4932.7525
486,47.0,47.05,1.0,-1.0,-0.05,2352.5,2077.32875
487,45.3,47.3,0.0,-1.0,-2.0,94600.0,94326.145
488,43.8,45.3,0.0,-1.0,-1.5,67950.0,67687.1325
489,42.3,43.8,0.0,-1.0,-1.5,65700.0,65445.9075
490,43.2,42.45,0.0,1.0,0.75,31837.5,31585.84875
491,43.2,43.5,1.0,-1.0,-0.3,13050.0,12795.9525
492,43.85,43.3,0.0,1.0,0.55,23815.0,23559.26125
493,44.2,44.2,1.0,-1.0,0.0,-0.0,-258.57
494,44.1,44.3,0.0,1.0,-0.2,-8860.0,-9118.27
495,44.05,44.3,0.0,1.0,-0.25,-11075.0,-11333.04875
496,44.5,44.05,0.0,1.0,0.45,19822.5,19562.81625
497,44.25,44.5,1.0,-1.0,-0.25,11125.0,10865.03125
498,44.0,44.25,0.0,1.0,-0.25,-11062.5,-11320.25625
499,43.7,44.0,0.0,-1.0,-0.3,13200.0,12943.0275
500,43.25,43.75,0.0,1.0,-0.5,-21875.0,-22128.725
501,43.2,43.25,0.0,1.0,-0.05,-2162.5,-2415.29125
502,43.4,43.3,0.0,1.0,0.1,4330.0,4076.2525
503,40.4,40.4,1.0,1.0,0.0,0.0,-236.34
504,39.1,39.6,0.0,1.0,-0.5,-19800.0,-20029.4475
505,38.6,38.5,0.0,-1.0,0.1,-3850.0,-4075.3675
506,39.0,38.8,1.0,1.0,0.2,7760.0,7532.135
507,38.35,39.1,1.0,-1.0,-0.75,29325.0,29097.33375
508,37.75,37.65,0.0,1.0,0.1,3765.0,3544.305
509,37.65,37.75,1.0,-1.0,-0.1,3775.0,3554.305
510,37.65,38.0,0.0,1.0,-0.35,-13300.0,-13520.75125
511,38.2,37.9,0.0,-1.0,0.3,-11370.0,-11592.1425
512,38.45,38.25,1.0,-1.0,0.2,-7650.0,-7874.0475
513,38.05,38.45,1.0,1.0,-0.4,-15380.0,-15603.1625
514,37.8,38.0,0.0,1.0,-0.2,-7600.0,-7821.415
515,37.4,37.95,0.0,1.0,-0.55,-20872.5,-21092.07375
516,37.0,37.5,0.0,-1.0,-0.5,18750.0,18531.3375
517,36.6,36.8,0.0,1.0,-0.2,-7360.0,-7574.395
518,36.3,36.6,0.0,1.0,-0.3,-10980.0,-11192.7825
519,36.05,36.3,0.0,-1.0,-0.25,9075.0,8863.00125
520,36.15,35.7,0.0,-1.0,0.45,-16065.0,-16274.48625
521,35.7,36.0,1.0,-1.0,-0.3,10800.0,10589.8275
522,36.5,35.75,0.0,-1.0,0.75,-26812.5,-27022.70625
523,36.0,36.5,1.0,-1.0,-0.5,18250.0,18037.1875
524,36.1,36.0,0.0,1.0,0.1,3600.0,3388.9575
525,33.6,36.0,1.0,-1.0,-2.4,86400.0,86192.82
526,31.5,32.5,0.0,1.0,-1.0,-32500.0,-32685.7
527,29.3,29.3,0.0,-1.0,0.0,-0.0,-171.405
528,27.25,27.25,0.0,-1.0,0.0,-0.0,-159.4125
529,25.35,25.35,0.0,-1.0,0.0,-0.0,-148.2975
530,23.6,23.6,0.0,-1.0,0.0,-0.0,-138.06
531,25.25,21.95,0.0,-1.0,3.3,-72435.0,-72568.11
532,27.0,25.3,1.0,-1.0,1.7,-43010.0,-43160.4275
533,25.15,27.3,1.0,-1.0,-2.15,58695.0,58538.35875
534,24.5,25.2,0.0,-1.0,-0.7,17640.0,17493.5775
535,24.95,24.45,0.0,-1.0,0.5,-12225.0,-12368.745
536,24.35,25.0,1.0,-1.0,-0.65,16250.0,16104.67625
537,23.65,23.9,0.0,-1.0,-0.25,5975.0,5835.54125
538,24.1,23.65,0.0,-1.0,0.45,-10642.5,-10781.49375
539,24.7,24.1,1.0,-1.0,0.6,-14460.0,-14601.84
540,25.65,24.5,1.0,-1.0,1.15,-28175.0,-28319.96375
541,25.3,25.45,1.0,-1.0,-0.15,3817.5,3668.83125
542,26.15,25.1,0.0,-1.0,1.05,-26355.0,-26503.33125
543,26.5,26.2,1.0,1.0,0.3,7860.0,7705.4025
544,25.75,26.5,1.0,1.0,-0.75,-19875.0,-20026.70625
545,25.6,25.75,0.0,1.0,-0.15,-3862.5,-4012.47375
546,25.4,25.6,0.0,1.0,-0.2,-5120.0,-5268.875
547,25.5,25.4,0.0,1.0,0.1,2540.0,2390.9675
548,25.9,25.7,1.0,1.0,0.2,5140.0,4988.77
549,27.7,26.9,1.0,1.0,0.8,21520.0,21359.095
550,26.4,28.5,1.0,-1.0,-2.1,59850.0,59686.2675
551,28.2,26.4,0.0,-1.0,1.8,-47520.0,-47677.005
552,29.25,28.4,1.0,-1.0,0.85,-24140.0,-24307.35125
553,29.0,29.25,1.0,1.0,-0.25,-7312.5,-7482.50625
554,28.65,28.8,0.0,-1.0,-0.15,4320.0,4151.73375
555,28.1,28.5,0.0,-1.0,-0.4,11400.0,11233.845
556,28.3,28.1,0.0,-1.0,0.2,-5620.0,-5784.67
557,28.2,28.4,1.0,-1.0,-0.2,5680.0,5514.145
558,28.0,28.3,0.0,-1.0,-0.3,8490.0,8324.8725
559,28.05,28.0,0.0,-1.0,0.05,-1400.0,-1563.87125
560,28.1,28.6,1.0,-1.0,-0.5,14300.0,14133.4025
561,28.3,28.2,0.0,-1.0,0.1,-2820.0,-2985.1125
562,28.05,27.55,1.0,-1.0,0.5,-13775.0,-13936.88
563,28.1,28.1,1.0,-1.0,0.0,-0.0,-164.385
564,26.15,28.0,0.0,-1.0,-1.85,51800.0,51638.83625
565,25.7,26.15,0.0,-1.0,-0.45,11767.5,11615.16375
566,26.1,25.5,0.0,-1.0,0.6,-15300.0,-15450.03
567,25.85,26.6,1.0,1.0,-0.75,-19950.0,-20102.29125
568,25.5,25.85,0.0,1.0,-0.35,-9047.5,-9197.17375
569,25.5,25.5,0.0,1.0,0.0,0.0,-149.175
570,25.85,25.4,0.0,1.0,0.45,11430.0,11279.41875
571,25.75,25.95,1.0,1.0,-0.2,-5190.0,-5340.9225
572,25.4,25.55,0.0,-1.0,-0.15,3832.5,3683.24625
573,25.4,25.55,0.0,-1.0,-0.15,3832.5,3683.24625
574,25.2,25.4,0.0,-1.0,-0.2,5080.0,4931.695
575,24.75,25.2,0.0,1.0,-0.45,-11340.0,-11485.42875
576,24.2,24.9,0.0,-1.0,-0.7,17430.0,17285.3325
577,24.35,24.2,0.0,1.0,0.15,3630.0,3487.76625
578,24.7,24.45,1.0,-1.0,0.25,-6112.5,-6255.88875
579,24.5,24.0,1.0,-1.0,0.5,-12000.0,-12141.1125
580,24.6,24.6,1.0,1.0,0.0,0.0,-143.91
581,24.9,24.7,0.0,-1.0,0.2,-4940.0,-5084.78
582,25.0,25.1,1.0,1.0,-0.1,-2510.0,-2656.3925
583,24.8,24.0,0.0,-1.0,0.8,-19200.0,-19341.54
584,25.0,24.8,1.0,-1.0,0.2,-4960.0,-5105.365
585,25.0,25.0,1.0,-1.0,0.0,-0.0,-146.25
586,25.0,25.0,0.0,-1.0,0.0,-0.0,-146.25
587,24.85,24.9,0.0,-1.0,-0.05,1245.0,1099.40625
588,24.6,24.85,0.0,-1.0,-0.25,6212.5,6067.48375
589,24.65,24.7,0.0,-1.0,-0.05,1235.0,1090.57625
590,24.75,25.0,0.0,1.0,-0.25,-6250.0,-6395.14375
591,24.7,24.65,0.0,-1.0,0.05,-1232.5,-1376.77375
592,24.55,24.7,1.0,-1.0,-0.15,3705.0,3560.71875
593,24.3,24.55,0.0,-1.0,-0.25,6137.5,5994.23875
594,24.4,24.3,0.0,-1.0,0.1,-2430.0,-2572.2975
595,24.35,24.4,1.0,-1.0,-0.05,1220.0,1077.33125
596,24.2,24.4,0.0,-1.0,-0.2,4880.0,4737.545
597,24.35,24.3,0.0,-1.0,0.05,-1215.0,-1357.22625
598,24.35,24.35,1.0,-1.0,0.0,-0.0,-142.4475
599,24.45,24.5,0.0,-1.0,-0.05,1225.0,1081.74625
600,26.15,25.45,0.0,-1.0,0.7,-17815.0,-17964.88
601,26.35,26.75,1.0,-1.0,-0.4,10700.0,10544.0825
602,26.0,26.35,0.0,-1.0,-0.35,9222.5,9068.85125
603,26.3,25.9,0.0,-1.0,0.4,-10360.0,-10512.085
604,26.05,26.3,1.0,-1.0,-0.25,6575.0,6421.50125
605,25.9,26.2,0.0,-1.0,-0.3,7860.0,7707.1575
606,25.3,25.9,0.0,-1.0,-0.6,15540.0,15389.34
607,25.35,25.3,0.0,-1.0,0.05,-1265.0,-1413.07625
608,25.25,25.5,1.0,1.0,-0.25,-6375.0,-6523.06875
609,25.45,25.25,0.0,-1.0,0.2,-5050.0,-5197.9975
610,25.5,25.45,1.0,-1.0,0.05,-1272.5,-1421.45375
611,25.55,25.5,1.0,-1.0,0.05,-1275.0,-1424.24625
612,25.35,25.55,1.0,-1.0,-0.2,5110.0,4960.8175
613,25.05,25.35,0.0,-1.0,-0.3,7605.0,7457.13
614,24.9,25.05,0.0,-1.0,-0.15,3757.5,3611.17125
615,25.05,25.0,0.0,-1.0,0.05,-1250.0,-1396.32125
616,25.3,25.05,1.0,-1.0,0.25,-6262.5,-6409.39875
617,25.3,25.3,1.0,-1.0,0.0,-0.0,-148.005
618,25.3,25.15,0.0,-1.0,0.15,-3772.5,-3919.84125
619,25.6,25.45,1.0,-1.0,0.15,-3817.5,-3966.59625
620,25.95,25.95,1.0,-1.0,0.0,-0.0,-151.8075
621,25.9,26.0,0.0,-1.0,-0.1,2600.0,2448.0425
622,25.85,25.9,0.0,-1.0,-0.05,1295.0,1143.55625
623,25.8,25.85,0.0,-1.0,-0.05,1292.5,1141.34875
624,25.55,25.75,0.0,-1.0,-0.2,5150.0,4999.6475
625,25.6,25.55,0.0,-1.0,0.05,-1277.5,-1427.03875
626,25.4,25.4,1.0,-1.0,0.0,-0.0,-148.59
627,25.25,25.5,0.0,-1.0,-0.25,6375.0,6226.18125
628,25.4,25.3,0.0,-1.0,0.1,-2530.0,-2678.1475
629,25.25,25.4,1.0,-1.0,-0.15,3810.0,3661.62375
630,25.2,25.25,0.0,-1.0,-0.05,1262.5,1114.85875
631,25.3,25.2,0.0,-1.0,0.1,-2520.0,-2667.5625
632,25.25,25.35,1.0,-1.0,-0.1,2535.0,2386.845
633,25.15,25.5,0.0,-1.0,-0.35,8925.0,8776.32375
634,25.15,25.2,0.0,-1.0,-0.05,1260.0,1112.65125
635,25.15,25.15,0.0,-1.0,0.0,-0.0,-147.1275
636,25.15,25.25,0.0,-1.0,-0.1,2525.0,2377.43
637,25.2,25.1,0.0,-1.0,0.1,-2510.0,-2656.9775
638,25.2,25.2,1.0,-1.0,0.0,-0.0,-147.42
639,25.05,25.2,0.0,-1.0,-0.15,3780.0,3632.79375
640,25.05,25.05,0.0,-1.0,0.0,-0.0,-146.5425
641,24.75,25.0,0.0,-1.0,-0.25,6250.0,6104.10625
642,24.55,24.75,0.0,-1.0,-0.2,4950.0,4805.4975
643,24.1,24.55,0.0,-1.0,-0.45,11047.5,10904.52375
644,24.05,24.0,0.0,-1.0,0.05,-1200.0,-1340.47125
645,24.5,24.05,1.0,1.0,0.45,10822.5,10679.81625
646,24.65,24.5,1.0,-1.0,0.15,-3675.0,-3818.53875
647,24.5,24.75,1.0,-1.0,-0.25,6187.5,6043.06875
648,24.5,24.5,0.0,-1.0,0.0,-0.0,-143.325
649,24.5,24.5,0.0,-1.0,0.0,-0.0,-143.325
650,24.25,24.5,0.0,-1.0,-0.25,6125.0,5982.03125
651,24.4,24.25,0.0,-1.0,0.15,-3637.5,-3779.57625
652,24.15,24.25,1.0,-1.0,-0.1,2425.0,2283.28
653,24.1,24.2,0.0,-1.0,-0.1,2420.0,2278.5725
654,24.1,24.0,0.0,-1.0,0.1,-2400.0,-2540.5425
655,24.25,24.1,1.0,-1.0,0.15,-3615.0,-3756.19875
656,24.2,24.15,1.0,-1.0,0.05,-1207.5,-1348.84875
657,24.05,24.2,1.0,-1.0,-0.15,3630.0,3488.64375
658,24.0,24.05,0.0,-1.0,-0.05,1202.5,1061.87875
659,23.9,24.0,0.0,-1.0,-0.1,2400.0,2259.7425
660,24.05,24.0,0.0,-1.0,0.05,-1200.0,-1340.47125
661,23.9,24.05,1.0,-1.0,-0.15,3607.5,3467.02125
662,23.85,23.95,0.0,-1.0,-0.1,2395.0,2255.035
663,23.65,23.85,0.0,-1.0,-0.2,4770.0,4630.7625
664,23.4,23.65,0.0,-1.0,-0.25,5912.5,5774.50375
665,22.6,23.4,0.0,-1.0,-0.8,18720.0,18584.25
666,21.6,22.6,0.0,-1.0,-1.0,22600.0,22469.215
667,23.1,21.6,0.0,1.0,1.5,32400.0,32267.0025
668,23.0,23.25,1.0,-1.0,-0.25,5812.5,5676.84375
669,22.45,23.0,0.0,-1.0,-0.55,12650.0,12516.23375
670,22.7,22.5,0.0,-1.0,0.2,-4500.0,-4631.91
671,22.65,22.7,1.0,-1.0,-0.05,1135.0,1002.27625
672,22.65,22.65,0.0,-1.0,0.0,-0.0,-132.5025
673,22.25,22.65,0.0,-1.0,-0.4,9060.0,8928.0675
674,22.2,22.25,0.0,-1.0,-0.05,1112.5,982.40875
675,22.0,22.2,0.0,-1.0,-0.2,4440.0,4310.415
676,21.9,22.0,0.0,-1.0,-0.1,2200.0,2071.4425
677,21.75,21.95,0.0,1.0,-0.2,-4390.0,-4517.5225
678,22.3,21.75,0.0,-1.0,0.55,-11962.5,-12090.52125
679,22.1,22.3,1.0,1.0,-0.2,-4460.0,-4589.57
680,21.9,22.3,0.0,-1.0,-0.4,8920.0,8790.115
681,22.05,21.9,0.0,-1.0,0.15,-3285.0,-3413.32875
682,21.85,22.1,1.0,-1.0,-0.25,5525.0,5396.07125
683,21.7,21.85,0.0,-1.0,-0.15,3277.5,3149.89125
684,20.8,21.7,0.0,-1.0,-0.9,19530.0,19404.3375
685,21.0,20.8,0.0,-1.0,0.2,-4160.0,-4281.965
686,20.75,21.0,1.0,-1.0,-0.25,5250.0,5127.50625
687,20.25,20.6,0.0,-1.0,-0.35,7210.0,7089.98875
688,20.75,20.05,0.0,-1.0,0.7,-14035.0,-14153.29
689,20.1,20.45,1.0,1.0,-0.35,-7157.5,-7275.58375
690,20.15,20.1,0.0,-1.0,0.05,-1005.0,-1122.65625
691,20.15,20.5,1.0,-1.0,-0.35,7175.0,7055.57375
692,19.5,20.15,0.0,-1.0,-0.65,13097.5,12980.54875
693,18.95,19.5,0.0,-1.0,-0.55,10725.0,10611.70875
694,18.75,18.9,0.0,1.0,-0.15,-2835.0,-2944.90125
695,18.75,18.75,0.0,1.0,0.0,0.0,-109.6875
696,18.95,18.75,0.0,-1.0,0.2,-3750.0,-3859.9725
697,19.2,19.0,1.0,1.0,0.2,3800.0,3687.965
698,19.75,19.3,1.0,-1.0,0.45,-8685.0,-8798.54625
699,19.55,19.8,1.0,-1.0,-0.25,4950.0,4834.52625
700,19.15,19.4,0.0,-1.0,-0.25,4850.0,4736.86625
701,19.15,19.15,0.0,-1.0,0.0,-0.0,-112.0275
702,19.5,19.1,0.0,-1.0,0.4,-7640.0,-7752.305
703,19.55,19.7,1.0,-1.0,-0.15,2955.0,2839.96875
704,19.35,19.55,0.0,-1.0,-0.2,3910.0,3795.9175
705,19.4,19.35,0.0,-1.0,0.05,-967.5,-1080.76875
706,19.65,19.4,1.0,-1.0,0.25,-4850.0,-4963.84625
707,19.25,19.7,1.0,-1.0,-0.45,8865.0,8750.39625
708,19.1,19.0,0.0,-1.0,0.1,-1900.0,-2011.2925
709,19.4,19.2,1.0,-1.0,0.2,-3840.0,-3952.605
710,19.45,19.3,1.0,-1.0,0.15,-2895.0,-3008.11875
711,19.3,19.45,1.0,-1.0,-0.15,2917.5,2803.93125
712,19.4,19.4,0.0,-1.0,0.0,-0.0,-113.49
713,19.4,19.55,0.0,-1.0,-0.15,2932.5,2818.34625
714,19.6,19.4,0.0,-1.0,0.2,-3880.0,-3993.775
715,21.35,19.65,1.0,-1.0,1.7,-33405.0,-33522.375
716,21.95,21.5,1.0,-1.0,0.45,-9675.0,-9801.41625
717,21.7,21.95,1.0,-1.0,-0.25,5487.5,5359.44875
718,21.3,21.7,0.0,-1.0,-0.4,8680.0,8553.625
719,20.35,21.25,0.0,-1.0,-0.9,19125.0,19001.97
720,20.6,20.45,0.0,-1.0,0.15,-3067.5,-3187.34625
721,21.2,21.0,1.0,1.0,0.2,4200.0,4076.265
722,21.8,21.4,1.0,-1.0,0.4,-8560.0,-8685.76
723,21.5,21.8,1.0,-1.0,-0.3,6540.0,6412.8975
724,21.05,21.4,0.0,-1.0,-0.35,7490.0,7365.30875
725,22.5,21.05,0.0,-1.0,1.45,-30522.5,-30647.70875
726,22.9,22.6,1.0,-1.0,0.3,-6780.0,-6912.6375
727,23.15,22.9,1.0,-1.0,0.25,-5725.0,-5859.32125
728,22.9,23.0,1.0,-1.0,-0.1,2300.0,2165.5925
729,24.0,22.9,0.0,-1.0,1.1,-25190.0,-25325.5325
730,23.3,24.3,1.0,1.0,-1.0,-24300.0,-24437.73
731,23.4,23.1,0.0,-1.0,0.3,-6930.0,-7065.5625
732,23.05,23.65,1.0,-1.0,-0.6,14190.0,14052.5025
733,23.1,23.1,0.0,-1.0,0.0,-0.0,-135.135
734,22.05,22.7,0.0,-1.0,-0.65,14755.0,14623.13125
735,22.15,21.85,0.0,-1.0,0.3,-6555.0,-6683.25
736,20.25,22.15,1.0,-1.0,-1.9,42085.0,41958.13
737,20.4,20.1,0.0,1.0,0.3,6030.0,5911.0875
738,19.9,20.0,1.0,1.0,-0.1,-2000.0,-2116.5575
739,18.2,19.4,0.0,1.0,-1.2,-23280.0,-23388.18
740,18.35,18.0,0.0,1.0,0.35,6300.0,6193.15125
741,18.4,18.35,1.0,1.0,0.05,917.5,809.93125
742,19.0,18.95,1.0,1.0,0.05,947.5,836.42125
743,19.6,19.5,1.0,1.0,0.1,1950.0,1835.4825
744,19.5,19.6,1.0,-1.0,-0.1,1960.0,1845.4825
745,19.25,19.65,0.0,1.0,-0.4,-7860.0,-7973.1825
746,19.2,18.9,0.0,1.0,0.3,5670.0,5558.1075
747,19.25,19.3,1.0,1.0,-0.05,-965.0,-1077.68375
748,18.9,19.35,0.0,-1.0,-0.45,8707.5,8594.94375
749,18.9,18.8,0.0,-1.0,0.1,-1880.0,-1990.1225
750,18.95,19.2,1.0,-1.0,-0.25,4800.0,4688.03625
751,19.25,19.15,0.0,-1.0,0.1,-1915.0,-2027.17
752,19.15,19.05,1.0,-1.0,0.1,-1905.0,-2016.585
753,19.65,19.25,1.0,1.0,0.4,7700.0,7585.6175
754,20.0,20.0,1.0,-1.0,0.0,-0.0,-117.0
755,19.7,20.15,0.0,-1.0,-0.45,9067.5,8950.26375
756,19.85,19.95,0.0,-1.0,-0.1,1995.0,1878.435
757,20.1,19.95,0.0,-1.0,0.15,-2992.5,-3109.42125
758,19.9,20.1,1.0,-1.0,-0.2,4020.0,3902.7
759,19.6,19.8,0.0,-1.0,-0.2,3960.0,3844.455
760,19.45,19.6,0.0,-1.0,-0.15,2940.0,2825.55375
761,19.25,19.45,0.0,-1.0,-0.2,3890.0,3776.5025
762,19.1,19.25,0.0,-1.0,-0.15,2887.5,2775.10125
763,19.1,19.1,0.0,-1.0,0.0,-0.0,-111.735
764,19.3,18.9,0.0,-1.0,0.4,-7560.0,-7671.135
765,20.05,19.6,1.0,-1.0,0.45,-8820.0,-8935.30125
766,20.1,20.5,1.0,-1.0,-0.4,8200.0,8080.645
767,20.95,20.3,0.0,-1.0,0.65,-13195.0,-13314.68125
768,20.85,21.0,1.0,-1.0,-0.15,3150.0,3027.36375
769,20.5,20.7,0.0,-1.0,-0.2,4140.0,4019.19
770,20.05,20.7,0.0,-1.0,-0.65,13455.0,13334.83125
771,20.2,20.0,0.0,-1.0,0.2,-4000.0,-4117.285
772,20.05,20.0,1.0,1.0,0.05,1000.0,882.77875
773,20.05,20.05,1.0,-1.0,0.0,-0.0,-117.2925
774,20.15,20.15,0.0,-1.0,0.0,-0.0,-117.8775
775,20.1,20.2,0.0,-1.0,-0.1,2020.0,1901.9725
776,20.0,20.25,0.0,-1.0,-0.25,5062.5,4944.39375
777,20.05,20.1,0.0,-1.0,-0.05,1005.0,887.48625
778,20.5,20.05,0.0,-1.0,0.45,-9022.5,-9140.43375
779,20.3,20.4,1.0,-1.0,-0.1,2040.0,1920.8025
780,20.2,20.5,0.0,-1.0,-0.3,6150.0,6030.5025
781,20.1,20.25,0.0,-1.0,-0.15,3037.5,2919.25125
782,19.75,20.2,0.0,-1.0,-0.45,9090.0,8972.47125
783,19.35,19.75,0.0,-1.0,-0.4,7900.0,7785.0325
784,19.5,19.5,0.0,-1.0,0.0,-0.0,-114.075
785,19.4,19.7,0.0,1.0,-0.3,-5910.0,-6023.9175
786,19.4,19.4,0.0,-1.0,0.0,-0.0,-113.49
787,19.6,19.45,0.0,-1.0,0.15,-2917.5,-3031.49625
788,19.9,19.6,1.0,-1.0,0.3,-5880.0,-5995.0875
789,19.9,19.95,1.0,-1.0,-0.05,997.5,880.86375
790,19.95,20.05,0.0,-1.0,-0.1,2005.0,1887.85
791,19.8,20.0,0.0,-1.0,-0.2,4000.0,3883.285
792,19.85,19.85,0.0,-1.0,0.0,-0.0,-116.1225
793,19.5,19.95,0.0,-1.0,-0.45,8977.5,8861.43375
794,20.0,19.8,0.0,-1.0,0.2,-3960.0,-4076.115
795,19.6,20.0,1.0,-1.0,-0.4,8000.0,7883.57
796,19.15,19.4,0.0,-1.0,-0.25,4850.0,4736.86625
797,18.95,19.2,0.0,-1.0,-0.25,4800.0,4688.03625
798,18.85,19.05,0.0,-1.0,-0.2,3810.0,3698.8425
799,18.95,18.85,0.0,-1.0,0.1,-1885.0,-1995.415
800,18.95,19.0,1.0,-1.0,-0.05,950.0,838.92125
801,19.0,18.95,0.0,-1.0,0.05,-947.5,-1058.42875
802,18.7,19.0,1.0,-1.0,-0.3,5700.0,5589.2775
803,18.85,18.9,0.0,-1.0,-0.05,945.0,834.50625
804,18.7,18.85,0.0,-1.0,-0.15,2827.5,2717.44125
805,18.7,18.7,0.0,-1.0,0.0,-0.0,-109.395
806,18.35,18.5,0.0,-1.0,-0.15,2775.0,2666.98875
807,18.5,18.2,0.0,-1.0,0.3,-5460.0,-5566.8975
808,17.8,18.0,1.0,-1.0,-0.2,3600.0,3494.985
809,17.45,17.5,0.0,-1.0,-0.05,875.0,772.69625
810,17.5,17.25,0.0,-1.0,0.25,-4312.5,-4413.76875
811,17.25,17.45,1.0,-1.0,-0.2,3490.0,3388.2025
812,16.0,17.1,0.0,-1.0,-1.1,18810.0,18711.5325
813,16.0,16.0,0.0,-1.0,0.0,-0.0,-93.6
814,16.35,16.0,0.0,1.0,0.35,5600.0,5504.85125
815,16.45,16.4,1.0,-1.0,0.05,-820.0,-916.01125
816,17.05,16.2,1.0,-1.0,0.85,-13770.0,-13865.98125
817,17.75,17.35,1.0,-1.0,0.4,-6940.0,-7042.0675
818,18.55,17.95,1.0,-1.0,0.6,-10770.0,-10875.8625
819,18.15,18.55,1.0,-1.0,-0.4,7420.0,7312.0525
820,18.5,18.15,0.0,-1.0,0.35,-6352.5,-6459.17625
821,18.3,18.4,1.0,-1.0,-0.1,1840.0,1732.5025
822,18.4,18.3,0.0,-1.0,0.1,-1830.0,-1937.1975
823,18.25,18.4,1.0,-1.0,-0.15,2760.0,2652.57375
824,18.25,18.45,0.0,-1.0,-0.2,3690.0,3582.3525
825,18.1,18.25,0.0,-1.0,-0.15,2737.5,2630.95125
826,17.55,18.1,0.0,-1.0,-0.55,9955.0,9849.89875
827,17.5,17.55,0.0,-1.0,-0.05,877.5,774.90375
828,17.35,17.95,0.0,1.0,-0.6,-10770.0,-10872.3525
829,17.5,17.35,0.0,-1.0,0.15,-2602.5,-2704.21125
830,17.25,17.6,1.0,1.0,-0.35,-6160.0,-6261.41125
831,17.1,17.05,0.0,-1.0,0.05,-852.5,-952.31375
832,17.05,17.1,1.0,-1.0,-0.05,855.0,755.03625
833,17.0,17.05,0.0,-1.0,-0.05,852.5,752.82875
834,17.1,16.95,0.0,-1.0,0.15,-2542.5,-2641.87125
835,16.9,17.1,1.0,-1.0,-0.2,3420.0,3320.25
836,16.8,16.7,0.0,-1.0,0.1,-1670.0,-1767.8375
837,16.95,16.8,1.0,-1.0,0.15,-2520.0,-2618.49375
838,17.0,16.9,1.0,-1.0,0.1,-1690.0,-1789.0075
839,16.9,17.2,1.0,-1.0,-0.3,5160.0,5059.8075
840,17.7,16.9,0.0,-1.0,0.8,-13520.0,-13620.005
841,17.85,17.9,1.0,-1.0,-0.05,895.0,790.35625
842,17.85,17.9,0.0,-1.0,-0.05,895.0,790.35625
843,17.65,17.8,0.0,-1.0,-0.15,2670.0,2566.08375
844,17.55,17.8,0.0,1.0,-0.25,-4450.0,-4553.02375
845,17.55,17.8,0.0,-1.0,-0.25,4450.0,4346.22625
846,17.5,17.8,0.0,-1.0,-0.3,5340.0,5236.2975
847,17.45,17.5,0.0,-1.0,-0.05,875.0,772.69625
848,17.5,17.4,0.0,-1.0,0.1,-1740.0,-1841.9325
849,17.6,17.5,1.0,-1.0,0.1,-1750.0,-1852.5175
850,18.1,17.75,1.0,-1.0,0.35,-6212.5,-6316.83625
851,17.9,18.1,1.0,-1.0,-0.2,3620.0,3514.4
852,17.85,17.9,0.0,-1.0,-0.05,895.0,790.35625
853,17.8,18.0,0.0,-1.0,-0.2,3600.0,3494.985
854,17.65,17.8,0.0,-1.0,-0.15,2670.0,2566.08375
855,18.1,17.65,0.0,-1.0,0.45,-7942.5,-8046.39375
856,17.85,18.1,1.0,-1.0,-0.25,4525.0,4419.47125
857,17.9,18.0,0.0,-1.0,-0.1,1800.0,1694.8425
858,17.95,17.9,0.0,-1.0,0.05,-895.0,-999.78625
859,17.8,17.95,1.0,-1.0,-0.15,2692.5,2587.70625
860,17.75,17.85,0.0,-1.0,-0.1,1785.0,1680.72
861,18.3,17.9,0.0,-1.0,0.4,-7160.0,-7265.285
862,18.2,18.3,1.0,-1.0,-0.1,1830.0,1723.0875
863,18.3,18.25,0.0,-1.0,0.05,-912.5,-1019.33375
864,18.45,18.15,1.0,-1.0,0.3,-5445.0,-5551.605
865,18.4,18.45,1.0,-1.0,-0.05,922.5,814.63875
866,18.5,18.4,0.0,-1.0,0.1,-1840.0,-1947.7825
867,19.15,18.5,1.0,-1.0,0.65,-12025.0,-12134.15125
868,20.0,19.2,1.0,-1.0,0.8,-15360.0,-15473.46
869,20.15,20.15,1.0,-1.0,0.0,-0.0,-117.8775
870,19.95,20.1,0.0,-1.0,-0.15,3015.0,2897.62875
871,20.0,19.95,0.0,-1.0,0.05,-997.5,-1114.27875
872,19.95,19.8,1.0,-1.0,0.15,-2970.0,-3086.04375
873,21.9,20.05,1.0,-1.0,1.85,-37092.5,-37212.42875
874,22.0,23.0,1.0,-1.0,-1.0,23000.0,22866.875
875,21.55,22.1,0.0,1.0,-0.55,-12155.0,-12281.85125
876,21.05,22.0,0.0,-1.0,-0.95,20900.0,20772.65375
877,21.7,21.05,0.0,1.0,0.65,13682.5,13556.48125
878,21.45,21.5,1.0,-1.0,-0.05,1075.0,949.29625
879,21.25,21.45,0.0,1.0,-0.2,-4290.0,-4414.5975
880,21.3,21.25,0.0,-1.0,0.05,-1062.5,-1186.88375
881,20.65,21.3,1.0,-1.0,-0.65,13845.0,13721.32125
882,20.75,20.7,0.0,-1.0,0.05,-1035.0,-1156.16625
883,20.1,20.75,1.0,-1.0,-0.65,13487.5,13367.03875
884,19.6,20.1,0.0,-1.0,-0.5,10050.0,9933.1275
885,19.85,19.6,0.0,-1.0,0.25,-4900.0,-5015.01625
886,19.8,20.0,1.0,1.0,-0.2,-4000.0,-4116.115
887,19.9,19.05,0.0,-1.0,0.85,-16192.5,-16305.15375
888,19.55,19.8,1.0,1.0,-0.25,-4950.0,-5064.72375
889,19.4,19.45,0.0,-1.0,-0.05,972.5,858.78875
890,19.5,19.5,0.0,-1.0,0.0,-0.0,-114.075
891,19.35,19.4,0.0,-1.0,-0.05,970.0,856.58125
892,21.15,19.35,0.0,-1.0,1.8,-34830.0,-34945.7625
893,20.3,20.7,1.0,-1.0,-0.4,8280.0,8159.475
894,20.4,20.3,0.0,1.0,0.1,2030.0,1910.8025
895,20.05,20.35,1.0,-1.0,-0.3,6105.0,5986.38
896,19.9,20.05,0.0,-1.0,-0.15,3007.5,2890.42125
897,20.0,20.0,0.0,-1.0,0.0,-0.0,-117.0
898,19.75,20.1,0.0,-1.0,-0.35,7035.0,6917.91375
899,19.65,19.8,0.0,-1.0,-0.15,2970.0,2854.38375
900,20.0,19.75,0.0,-1.0,0.25,-4937.5,-5053.39375
901,20.0,20.2,1.0,-1.0,-0.2,4040.0,3922.115
902,20.05,20.0,0.0,-1.0,0.05,-1000.0,-1117.07125
903,20.0,20.2,1.0,-1.0,-0.2,4040.0,3922.115
904,19.9,20.1,0.0,-1.0,-0.2,4020.0,3902.7
905,19.95,19.9,0.0,-1.0,0.05,-995.0,-1111.48625
906,19.9,20.05,1.0,-1.0,-0.15,3007.5,2890.42125
907,19.85,20.0,0.0,-1.0,-0.15,3000.0,2883.21375
908,19.75,19.85,0.0,-1.0,-0.1,1985.0,1869.02
909,19.8,19.75,0.0,-1.0,0.05,-987.5,-1103.10875
910,19.8,19.8,1.0,-1.0,0.0,-0.0,-115.83
911,19.85,19.8,0.0,-1.0,0.05,-990.0,-1105.90125
912,19.7,20.0,1.0,-1.0,-0.3,6000.0,5883.4275
913,19.1,19.65,0.0,-1.0,-0.55,10807.5,10693.33125
914,18.6,19.1,0.0,-1.0,-0.5,9550.0,9438.9775
915,18.15,18.5,0.0,-1.0,-0.35,6475.0,6367.27375
916,18.5,18.2,0.0,1.0,0.3,5460.0,5352.2025
917,18.25,18.5,1.0,-1.0,-0.25,4625.0,4517.13125
918,18.25,18.2,0.0,-1.0,0.05,-910.0,-1016.54125
919,18.35,18.2,1.0,-1.0,0.15,-2730.0,-2836.68375
920,18.7,18.45,1.0,-1.0,0.25,-4612.5,-4720.78875
921,18.55,18.55,1.0,-1.0,0.0,-0.0,-108.5175
922,18.7,18.7,0.0,-1.0,0.0,-0.0,-109.395
923,,,0.0,-1.0,,,
