,Close,Open,test,prediction,Cl - Op,profit
0,40.21,40.45,0.0,-1.0,-0.24,240.0
1,40.53,40.21,1.0,-1.0,0.32,-320.0
2,39.54,40.61,0.0,-1.0,-1.07,1070.0
3,38.27,39.26,0.0,-1.0,-0.99,990.0
4,38.15,38.15,0.0,1.0,0.0,0.0
5,38.07,38.23,0.0,1.0,-0.16,-160.0
6,38.03,38.07,0.0,-1.0,-0.04,40.0
7,37.55,38.03,0.0,1.0,-0.48,-480.0
8,37.47,37.67,0.0,1.0,-0.2,-200.0
9,37.2,37.39,0.0,1.0,-0.19,-190.0
10,38.11,37.28,1.0,1.0,0.83,830.0
11,37.91,38.7,0.0,-1.0,-0.79,790.0
12,38.58,38.15,1.0,-1.0,0.43,-430.0
13,38.58,38.86,0.0,-1.0,-0.28,280.0
14,38.86,38.86,0.0,-1.0,0.0,-0.0
15,39.34,38.86,1.0,-1.0,0.48,-480.0
16,40.05,39.81,1.0,-1.0,0.24,-240.0
17,39.66,40.05,0.0,-1.0,-0.39,390.0
18,39.89,39.5,1.0,-1.0,0.39,-390.0
19,40.13,39.58,1.0,-1.0,0.55,-550.0
20,39.81,40.05,0.0,-1.0,-0.24,240.0
21,39.81,39.89,0.0,-1.0,-0.08,80.0
22,39.97,39.89,1.0,-1.0,0.08,-80.0
23,40.45,39.97,1.0,-1.0,0.48,-480.0
24,41.0,40.37,1.0,-1.0,0.63,-630.0
25,41.0,40.92,1.0,-1.0,0.08,-80.0
26,41.24,40.77,1.0,-1.0,0.47,-470.0
27,40.77,40.84,0.0,-1.0,-0.07,70.0
28,40.61,40.77,0.0,-1.0,-0.16,160.0
29,39.89,40.21,0.0,-1.0,-0.32,320.0
30,40.53,39.89,1.0,-1.0,0.64,-640.0
31,40.37,40.45,0.0,-1.0,-0.08,80.0
32,40.69,40.37,1.0,-1.0,0.32,-320.0
33,41.64,40.61,1.0,-1.0,1.03,-1030.0
34,40.29,41.08,0.0,-1.0,-0.79,790.0
35,40.69,40.05,1.0,-1.0,0.64,-640.0
36,41.08,40.53,1.0,-1.0,0.55,-550.0
37,41.24,41.08,1.0,-1.0,0.16,-160.0
38,41.16,41.24,0.0,-1.0,-0.08,80.0
39,40.92,40.84,1.0,-1.0,0.08,-80.0
40,41.24,40.84,1.0,-1.0,0.4,-400.0
41,40.84,40.84,0.0,-1.0,0.0,-0.0
42,40.69,40.92,0.0,1.0,-0.23,-230.0
43,40.45,40.45,0.0,-1.0,0.0,-0.0
44,40.69,40.69,0.0,-1.0,0.0,-0.0
45,39.97,40.84,0.0,-1.0,-0.87,870.0
46,40.13,40.29,0.0,1.0,-0.16,-160.0
47,40.21,40.37,0.0,1.0,-0.16,-160.0
48,40.92,40.53,1.0,-1.0,0.39,-390.0
49,40.84,40.92,0.0,-1.0,-0.08,80.0
50,40.92,41.16,0.0,-1.0,-0.24,240.0
51,41.24,41.0,1.0,-1.0,0.24,-240.0
52,41.64,41.48,1.0,-1.0,0.16,-160.0
53,41.32,41.64,0.0,-1.0,-0.32,320.0
54,41.48,41.16,1.0,-1.0,0.32,-320.0
55,41.08,40.92,1.0,-1.0,0.16,-160.0
56,41.4,41.24,1.0,-1.0,0.16,-160.0
57,40.53,41.24,0.0,-1.0,-0.71,710.0
58,40.45,40.53,0.0,-1.0,-0.08,80.0
59,40.69,40.45,1.0,-1.0,0.24,-240.0
60,40.69,40.69,0.0,-1.0,0.0,-0.0
61,40.92,40.45,1.0,1.0,0.47,470.0
62,40.84,41.0,0.0,-1.0,-0.16,160.0
63,40.61,40.69,0.0,-1.0,-0.08,80.0
64,39.26,40.53,0.0,-1.0,-1.27,1270.0
65,40.37,39.58,1.0,1.0,0.79,790.0
66,40.61,40.37,1.0,-1.0,0.24,-240.0
67,40.29,40.29,0.0,-1.0,0.0,-0.0
68,40.61,40.37,1.0,-1.0,0.24,-240.0
69,41.0,40.61,1.0,-1.0,0.39,-390.0
70,41.16,40.69,1.0,-1.0,0.47,-470.0
71,40.77,40.53,1.0,-1.0,0.24,-240.0
72,40.84,40.61,1.0,-1.0,0.23,-230.0
73,41.4,40.84,1.0,-1.0,0.56,-560.0
74,42.03,41.4,1.0,-1.0,0.63,-630.0
75,42.03,42.03,0.0,-1.0,0.0,-0.0
76,41.88,41.88,0.0,-1.0,0.0,-0.0
77,42.27,42.03,1.0,-1.0,0.24,-240.0
78,43.14,42.27,1.0,-1.0,0.87,-870.0
79,42.83,43.14,0.0,-1.0,-0.31,310.0
80,42.67,42.83,0.0,-1.0,-0.16,160.0
81,42.91,42.67,1.0,-1.0,0.24,-240.0
82,43.38,42.51,1.0,-1.0,0.87,-870.0
83,43.46,43.22,1.0,-1.0,0.24,-240.0
84,42.03,42.83,0.0,-1.0,-0.8,800.0
85,42.27,41.88,1.0,1.0,0.39,390.0
86,42.03,42.27,0.0,-1.0,-0.24,240.0
87,41.72,42.11,0.0,1.0,-0.39,-390.0
88,42.43,41.88,1.0,1.0,0.55,550.0
89,42.83,42.43,1.0,-1.0,0.4,-400.0
90,42.43,42.51,0.0,1.0,-0.08,-80.0
91,42.27,42.75,0.0,-1.0,-0.48,480.0
92,42.75,42.67,1.0,-1.0,0.08,-80.0
93,42.75,42.83,0.0,-1.0,-0.08,80.0
94,43.14,42.99,1.0,-1.0,0.15,-150.0
95,42.67,42.75,0.0,-1.0,-0.08,80.0
96,42.59,42.51,1.0,-1.0,0.08,-80.0
97,42.43,42.59,0.0,-1.0,-0.16,160.0
98,43.3,42.83,1.0,-1.0,0.47,-470.0
99,43.3,43.38,0.0,-1.0,-0.08,80.0
100,43.22,42.99,1.0,-1.0,0.23,-230.0
101,42.91,42.83,1.0,-1.0,0.08,-80.0
102,41.88,42.99,0.0,-1.0,-1.11,1110.0
103,41.08,42.11,0.0,1.0,-1.03,-1030.0
104,41.48,41.24,1.0,1.0,0.24,240.0
105,41.08,41.48,0.0,1.0,-0.4,-400.0
106,41.8,41.24,1.0,1.0,0.56,560.0
107,41.0,41.72,0.0,-1.0,-0.72,720.0
108,41.32,40.92,1.0,1.0,0.4,400.0
109,40.92,40.92,0.0,1.0,0.0,0.0
110,41.0,40.92,1.0,1.0,0.08,80.0
111,41.4,40.84,1.0,1.0,0.56,560.0
112,41.0,41.24,0.0,-1.0,-0.24,240.0
113,41.08,41.32,0.0,-1.0,-0.24,240.0
114,41.24,41.08,1.0,-1.0,0.16,-160.0
115,41.4,41.24,1.0,-1.0,0.16,-160.0
116,40.92,41.4,0.0,-1.0,-0.48,480.0
117,40.84,41.24,0.0,1.0,-0.4,-400.0
118,40.69,41.4,0.0,-1.0,-0.71,710.0
119,41.0,41.24,0.0,-1.0,-0.24,240.0
120,42.19,41.32,1.0,-1.0,0.87,-870.0
121,42.67,42.19,1.0,-1.0,0.48,-480.0
122,43.54,42.91,1.0,-1.0,0.63,-630.0
123,43.22,43.62,0.0,-1.0,-0.4,400.0
124,43.38,43.3,1.0,-1.0,0.08,-80.0
125,43.54,43.3,1.0,-1.0,0.24,-240.0
126,44.02,44.02,0.0,-1.0,0.0,-0.0
127,45.44,44.1,1.0,-1.0,1.34,-1340.0
128,44.81,45.29,0.0,-1.0,-0.48,480.0
129,45.21,45.21,0.0,-1.0,0.0,-0.0
130,46.56,45.05,1.0,-1.0,1.51,-1510.0
131,47.27,46.48,1.0,-1.0,0.79,-790.0
132,47.43,47.43,0.0,-1.0,0.0,-0.0
133,47.51,47.27,1.0,-1.0,0.24,-240.0
134,46.71,47.35,0.0,-1.0,-0.64,640.0
135,47.27,47.11,1.0,-1.0,0.16,-160.0
136,47.19,47.27,0.0,-1.0,-0.08,80.0
137,46.24,47.19,0.0,1.0,-0.95,-950.0
138,47.27,46.71,1.0,-1.0,0.56,-560.0
139,46.63,47.43,0.0,-1.0,-0.8,800.0
140,46.16,46.63,0.0,-1.0,-0.47,470.0
141,46.71,46.4,1.0,1.0,0.31,310.0
142,47.03,46.87,1.0,-1.0,0.16,-160.0
143,47.19,47.51,0.0,-1.0,-0.32,320.0
144,46.48,47.19,0.0,-1.0,-0.71,710.0
145,45.13,46.0,0.0,-1.0,-0.87,870.0
146,44.97,44.89,1.0,1.0,0.08,80.0
147,44.89,45.6,0.0,1.0,-0.71,-710.0
148,45.52,44.97,1.0,1.0,0.55,550.0
149,45.21,45.6,0.0,1.0,-0.39,-390.0
150,45.21,45.37,0.0,1.0,-0.16,-160.0
151,43.78,44.81,0.0,1.0,-1.03,-1030.0
152,44.41,44.33,1.0,1.0,0.08,80.0
153,44.57,44.49,1.0,1.0,0.08,80.0
154,47.19,45.05,1.0,1.0,2.14,2140.0
155,46.79,47.19,0.0,-1.0,-0.4,400.0
156,46.87,46.79,1.0,-1.0,0.08,-80.0
157,46.48,46.48,0.0,-1.0,0.0,-0.0
158,46.4,46.63,0.0,-1.0,-0.23,230.0
159,45.44,46.4,0.0,-1.0,-0.96,960.0
160,46.32,45.6,1.0,1.0,0.72,720.0
161,46.4,46.48,0.0,-1.0,-0.08,80.0
162,46.16,46.0,1.0,-1.0,0.16,-160.0
163,46.95,46.08,1.0,-1.0,0.87,-870.0
164,46.95,46.95,0.0,-1.0,0.0,-0.0
165,46.4,47.11,0.0,-1.0,-0.71,710.0
166,46.0,46.71,0.0,-1.0,-0.71,710.0
167,46.08,46.0,1.0,-1.0,0.08,-80.0
168,46.08,46.08,0.0,-1.0,0.0,-0.0
169,47.27,46.24,1.0,-1.0,1.03,-1030.0
170,46.4,47.43,0.0,-1.0,-1.03,1030.0
171,46.4,46.48,0.0,-1.0,-0.08,80.0
172,47.59,46.56,1.0,-1.0,1.03,-1030.0
173,47.9,47.59,1.0,-1.0,0.31,-310.0
174,47.67,47.9,0.0,-1.0,-0.23,230.0
175,47.43,47.43,0.0,1.0,0.0,0.0
176,46.79,47.67,0.0,-1.0,-0.88,880.0
177,47.27,47.27,0.0,-1.0,0.0,-0.0
178,47.43,47.51,0.0,-1.0,-0.08,80.0
179,47.67,47.27,1.0,-1.0,0.4,-400.0
180,47.9,47.82,1.0,-1.0,0.08,-80.0
181,48.06,47.9,1.0,-1.0,0.16,-160.0
182,48.14,47.98,1.0,-1.0,0.16,-160.0
183,48.22,48.14,1.0,-1.0,0.08,-80.0
184,47.74,48.22,0.0,-1.0,-0.48,480.0
185,47.9,47.9,0.0,-1.0,0.0,-0.0
186,47.35,47.9,0.0,-1.0,-0.55,550.0
187,47.74,47.59,1.0,-1.0,0.15,-150.0
188,46.79,47.74,0.0,-1.0,-0.95,950.0
189,46.95,46.87,1.0,1.0,0.08,80.0
190,45.6,45.6,0.0,1.0,0.0,0.0
191,45.29,45.6,0.0,1.0,-0.31,-310.0
192,45.6,45.21,1.0,1.0,0.39,390.0
193,45.6,45.21,1.0,1.0,0.39,390.0
194,46.0,45.13,1.0,1.0,0.87,870.0
195,46.56,45.76,1.0,1.0,0.8,800.0
196,45.44,46.56,0.0,-1.0,-1.12,1120.0
197,45.92,45.21,1.0,1.0,0.71,710.0
198,46.24,45.6,1.0,-1.0,0.64,-640.0
199,46.63,46.4,1.0,-1.0,0.23,-230.0
200,46.48,46.48,0.0,-1.0,0.0,-0.0
201,46.48,46.79,0.0,-1.0,-0.31,310.0
202,46.0,46.48,0.0,-1.0,-0.48,480.0
203,46.16,45.6,1.0,1.0,0.56,560.0
204,46.16,46.24,0.0,-1.0,-0.08,80.0
205,45.29,46.0,0.0,1.0,-0.71,-710.0
206,46.32,46.0,1.0,-1.0,0.32,-320.0
207,46.32,46.32,0.0,-1.0,0.0,-0.0
208,46.32,46.4,0.0,-1.0,-0.08,80.0
209,46.24,46.48,0.0,-1.0,-0.24,240.0
210,45.68,46.4,0.0,-1.0,-0.72,720.0
211,46.0,46.0,0.0,1.0,0.0,0.0
212,45.92,46.0,0.0,1.0,-0.08,-80.0
213,46.16,46.0,1.0,-1.0,0.16,-160.0
214,46.08,46.32,0.0,-1.0,-0.24,240.0
215,46.87,46.08,1.0,-1.0,0.79,-790.0
216,47.11,46.87,1.0,-1.0,0.24,-240.0
217,47.67,47.19,1.0,-1.0,0.48,-480.0
218,47.82,47.67,1.0,-1.0,0.15,-150.0
219,49.65,47.67,1.0,-1.0,1.98,-1980.0
220,51.55,49.65,1.0,-1.0,1.9,-1900.0
221,51.79,51.55,1.0,-1.0,0.24,-240.0
222,52.19,51.55,1.0,-1.0,0.64,-640.0
223,52.11,51.95,1.0,-1.0,0.16,-160.0
224,52.5,52.19,1.0,-1.0,0.31,-310.0
225,53.22,52.9,1.0,-1.0,0.32,-320.0
226,50.6,52.34,0.0,-1.0,-1.74,1740.0
227,49.73,49.97,0.0,-1.0,-0.24,240.0
228,49.81,49.97,0.0,-1.0,-0.16,160.0
229,49.01,49.81,0.0,1.0,-0.8,-800.0
230,49.33,49.01,1.0,-1.0,0.32,-320.0
231,48.54,49.33,0.0,-1.0,-0.79,790.0
232,48.22,48.54,0.0,1.0,-0.32,-320.0
233,49.25,48.86,1.0,1.0,0.39,390.0
234,50.12,49.25,1.0,1.0,0.87,870.0
235,49.41,49.65,0.0,-1.0,-0.24,240.0
236,48.78,49.01,0.0,-1.0,-0.23,230.0
237,48.78,49.39,0.0,1.0,-0.61,-610.0
238,48.18,49.04,0.0,1.0,-0.86,-860.0
239,47.41,48.18,0.0,1.0,-0.77,-770.0
240,46.72,47.58,0.0,1.0,-0.86,-860.0
241,47.15,46.63,1.0,1.0,0.52,520.0
242,45.6,46.72,0.0,1.0,-1.12,-1120.0
243,45.6,45.34,1.0,1.0,0.26,260.0
244,45.17,45.6,0.0,1.0,-0.43,-430.0
245,45.26,45.69,0.0,1.0,-0.43,-430.0
246,44.91,44.91,0.0,1.0,0.0,0.0
247,45.6,45.34,1.0,1.0,0.26,260.0
248,46.38,45.69,1.0,-1.0,0.69,-690.0
249,45.51,46.29,0.0,-1.0,-0.78,780.0
250,46.2,45.17,1.0,-1.0,1.03,-1030.0
251,46.46,46.38,1.0,-1.0,0.08,-80.0
252,46.89,46.46,1.0,1.0,0.43,430.0
253,46.46,46.63,0.0,-1.0,-0.17,170.0
254,46.98,47.06,0.0,-1.0,-0.08,80.0
255,47.15,46.98,1.0,-1.0,0.17,-170.0
256,47.75,47.32,1.0,-1.0,0.43,-430.0
257,47.15,47.75,0.0,-1.0,-0.6,600.0
258,47.75,46.89,1.0,-1.0,0.86,-860.0
259,48.53,48.1,1.0,-1.0,0.43,-430.0
260,48.53,48.61,0.0,-1.0,-0.08,80.0
261,50.07,48.61,1.0,-1.0,1.46,-1460.0
262,48.61,49.73,0.0,-1.0,-1.12,1120.0
263,48.61,48.61,0.0,1.0,0.0,0.0
264,49.21,48.96,1.0,1.0,0.25,250.0
265,49.56,49.21,1.0,-1.0,0.35,-350.0
266,48.78,49.47,0.0,-1.0,-0.69,690.0
267,48.78,48.7,1.0,-1.0,0.08,-80.0
268,48.78,48.78,0.0,-1.0,0.0,-0.0
269,48.53,48.78,0.0,1.0,-0.25,-250.0
270,48.01,48.96,0.0,1.0,-0.95,-950.0
271,47.92,48.01,0.0,1.0,-0.09,-90.0
272,47.41,47.75,0.0,1.0,-0.34,-340.0
273,47.06,47.32,0.0,-1.0,-0.26,260.0
274,47.06,47.06,0.0,-1.0,0.0,-0.0
275,49.47,46.98,1.0,-1.0,2.49,-2490.0
276,48.61,49.13,0.0,-1.0,-0.52,520.0
277,49.13,48.61,1.0,-1.0,0.52,-520.0
278,49.3,48.87,1.0,-1.0,0.43,-430.0
279,48.96,49.13,0.0,-1.0,-0.17,170.0
280,47.49,49.47,0.0,-1.0,-1.98,1980.0
281,47.41,47.49,0.0,-1.0,-0.08,80.0
282,48.18,47.75,1.0,1.0,0.43,430.0
283,47.92,47.84,1.0,-1.0,0.08,-80.0
284,47.92,48.44,0.0,-1.0,-0.52,520.0
285,48.1,48.27,0.0,-1.0,-0.17,170.0
286,48.35,48.01,1.0,-1.0,0.34,-340.0
287,47.75,47.84,0.0,-1.0,-0.09,90.0
288,47.67,47.75,0.0,-1.0,-0.08,80.0
289,47.67,47.24,1.0,-1.0,0.43,-430.0
290,46.72,47.32,0.0,-1.0,-0.6,600.0
291,47.75,46.72,1.0,1.0,1.03,1030.0
292,48.18,47.67,1.0,-1.0,0.51,-510.0
293,48.35,48.18,1.0,-1.0,0.17,-170.0
294,48.18,48.18,0.0,-1.0,0.0,-0.0
295,48.18,48.61,0.0,-1.0,-0.43,430.0
296,47.49,48.1,0.0,-1.0,-0.61,610.0
297,46.55,47.49,0.0,-1.0,-0.94,940.0
298,46.03,46.46,0.0,-1.0,-0.43,430.0
299,45.51,46.46,0.0,1.0,-0.95,-950.0
300,46.72,45.51,1.0,-1.0,1.21,-1210.0
301,46.03,46.72,0.0,-1.0,-0.69,690.0
302,46.46,45.34,1.0,1.0,1.12,1120.0
303,46.2,46.89,0.0,-1.0,-0.69,690.0
304,46.46,46.12,1.0,-1.0,0.34,-340.0
305,46.46,46.46,0.0,-1.0,0.0,-0.0
306,46.12,46.46,0.0,-1.0,-0.34,340.0
307,45.6,46.12,0.0,-1.0,-0.52,520.0
308,44.91,45.6,0.0,-1.0,-0.69,690.0
309,43.71,44.74,0.0,-1.0,-1.03,1030.0
310,43.36,43.54,0.0,-1.0,-0.18,180.0
311,43.45,43.45,0.0,1.0,0.0,0.0
312,43.97,43.62,1.0,-1.0,0.35,-350.0
313,45.34,44.05,1.0,-1.0,1.29,-1290.0
314,45.43,45.43,0.0,-1.0,0.0,-0.0
315,45.43,45.43,0.0,-1.0,0.0,-0.0
316,45.51,45.43,1.0,1.0,0.08,80.0
317,45.17,45.6,0.0,1.0,-0.43,-430.0
318,44.74,44.91,0.0,-1.0,-0.17,170.0
319,44.57,44.74,0.0,-1.0,-0.17,170.0
320,44.65,44.4,1.0,1.0,0.25,250.0
321,45.86,45.17,1.0,-1.0,0.69,-690.0
322,46.03,46.03,0.0,-1.0,0.0,-0.0
323,45.95,46.03,0.0,1.0,-0.08,-80.0
324,45.34,45.6,0.0,-1.0,-0.26,260.0
325,45.51,45.6,0.0,-1.0,-0.09,90.0
326,45.17,45.6,0.0,-1.0,-0.43,430.0
327,45.17,45.26,0.0,-1.0,-0.09,90.0
328,44.74,45.17,0.0,-1.0,-0.43,430.0
329,44.83,44.74,1.0,1.0,0.09,90.0
330,45.43,44.74,1.0,1.0,0.69,690.0
331,46.03,45.6,1.0,-1.0,0.43,-430.0
332,45.69,46.03,0.0,1.0,-0.34,-340.0
333,45.95,45.95,0.0,-1.0,0.0,-0.0
334,46.46,46.03,1.0,-1.0,0.43,-430.0
335,46.38,46.46,0.0,1.0,-0.08,-80.0
336,46.98,46.46,1.0,1.0,0.52,520.0
337,46.2,47.06,0.0,1.0,-0.86,-860.0
338,46.46,46.2,1.0,-1.0,0.26,-260.0
339,46.03,46.29,0.0,-1.0,-0.26,260.0
340,46.03,46.12,0.0,-1.0,-0.09,90.0
341,45.95,46.12,0.0,-1.0,-0.17,170.0
342,45.77,45.86,0.0,-1.0,-0.09,90.0
343,45.0,45.77,0.0,-1.0,-0.77,770.0
344,44.91,45.0,0.0,-1.0,-0.09,90.0
345,44.91,45.0,0.0,1.0,-0.09,-90.0
346,44.83,44.74,1.0,1.0,0.09,90.0
347,44.83,44.83,0.0,1.0,0.0,0.0
348,44.4,44.91,0.0,1.0,-0.51,-510.0
349,44.22,44.4,0.0,-1.0,-0.18,180.0
350,43.97,44.05,0.0,1.0,-0.08,-80.0
351,43.62,43.97,0.0,1.0,-0.35,-350.0
352,43.11,43.45,0.0,-1.0,-0.34,340.0
353,43.19,43.11,1.0,1.0,0.08,80.0
354,43.19,43.19,0.0,1.0,0.0,0.0
355,43.02,43.02,0.0,1.0,0.0,0.0
356,41.64,42.29,0.0,1.0,-0.65,-650.0
357,40.95,41.64,0.0,-1.0,-0.69,690.0
358,41.47,41.13,1.0,1.0,0.34,340.0
359,41.47,41.6,0.0,1.0,-0.13,-130.0
360,41.82,41.47,1.0,1.0,0.35,350.0
361,41.56,42.03,0.0,-1.0,-0.47,470.0
362,41.0,41.56,0.0,-1.0,-0.56,560.0
363,42.07,41.3,1.0,1.0,0.77,770.0
364,42.42,42.33,1.0,-1.0,0.09,-90.0
365,43.02,42.5,1.0,-1.0,0.52,-520.0
366,43.02,43.11,0.0,1.0,-0.09,-90.0
367,42.16,42.76,0.0,-1.0,-0.6,600.0
368,42.98,42.33,1.0,-1.0,0.65,-650.0
369,42.85,43.02,0.0,-1.0,-0.17,170.0
370,42.63,42.8,0.0,-1.0,-0.17,170.0
371,43.02,42.68,1.0,-1.0,0.34,-340.0
372,43.54,43.36,1.0,-1.0,0.18,-180.0
373,42.98,43.45,0.0,-1.0,-0.47,470.0
374,42.76,42.5,1.0,-1.0,0.26,-260.0
375,43.02,42.85,1.0,1.0,0.17,170.0
376,43.54,43.02,1.0,-1.0,0.52,-520.0
377,43.28,43.71,0.0,-1.0,-0.43,430.0
378,43.71,43.02,1.0,-1.0,0.69,-690.0
379,43.54,43.97,0.0,-1.0,-0.43,430.0
380,43.62,43.45,1.0,-1.0,0.17,-170.0
381,43.97,43.54,1.0,-1.0,0.43,-430.0
382,45.26,43.97,1.0,-1.0,1.29,-1290.0
383,45.26,45.6,0.0,-1.0,-0.34,340.0
384,44.91,45.95,0.0,-1.0,-1.04,1040.0
385,44.48,44.91,0.0,-1.0,-0.43,430.0
386,43.36,44.05,0.0,-1.0,-0.69,690.0
387,43.19,43.36,0.0,-1.0,-0.17,170.0
388,43.28,43.02,1.0,1.0,0.26,260.0
389,43.45,43.02,1.0,-1.0,0.43,-430.0
390,44.22,43.79,1.0,-1.0,0.43,-430.0
391,44.48,44.57,0.0,-1.0,-0.09,90.0
392,44.74,44.31,1.0,-1.0,0.43,-430.0
393,45.6,45.0,1.0,-1.0,0.6,-600.0
394,44.57,45.0,0.0,-1.0,-0.43,430.0
395,44.14,44.74,0.0,-1.0,-0.6,600.0
396,44.14,44.31,0.0,-1.0,-0.17,170.0
397,43.97,43.97,0.0,-1.0,0.0,-0.0
398,43.88,43.97,0.0,1.0,-0.09,-90.0
399,43.97,43.88,1.0,-1.0,0.09,-90.0
400,44.4,44.14,1.0,-1.0,0.26,-260.0
401,43.88,44.14,0.0,-1.0,-0.26,260.0
402,44.14,43.88,1.0,-1.0,0.26,-260.0
403,43.97,44.4,0.0,1.0,-0.43,-430.0
404,44.05,44.14,0.0,-1.0,-0.09,90.0
405,43.88,44.22,0.0,-1.0,-0.34,340.0
406,43.88,44.31,0.0,-1.0,-0.43,430.0
407,44.05,43.88,1.0,-1.0,0.17,-170.0
408,44.22,44.31,0.0,-1.0,-0.09,90.0
409,45.17,44.4,1.0,-1.0,0.77,-770.0
410,44.74,45.17,0.0,-1.0,-0.43,430.0
411,44.31,44.74,0.0,-1.0,-0.43,430.0
412,44.22,43.88,1.0,-1.0,0.34,-340.0
413,44.31,44.65,0.0,-1.0,-0.34,340.0
414,43.97,44.65,0.0,-1.0,-0.68,680.0
415,44.31,44.57,0.0,-1.0,-0.26,260.0
416,44.31,44.31,0.0,-1.0,0.0,-0.0
417,43.97,44.31,0.0,-1.0,-0.34,340.0
418,43.88,43.97,0.0,-1.0,-0.09,90.0
419,44.31,44.31,0.0,1.0,0.0,0.0
420,44.22,44.31,0.0,-1.0,-0.09,90.0
421,43.54,44.05,0.0,-1.0,-0.51,510.0
422,43.71,43.88,0.0,-1.0,-0.17,170.0
423,44.4,43.88,1.0,-1.0,0.52,-520.0
424,44.48,44.4,1.0,-1.0,0.08,-80.0
425,44.48,44.48,0.0,-1.0,0.0,-0.0
426,44.4,44.4,0.0,-1.0,0.0,-0.0
427,44.14,44.14,0.0,-1.0,0.0,-0.0
428,44.31,44.31,0.0,-1.0,0.0,-0.0
429,44.74,44.31,1.0,-1.0,0.43,-430.0
430,44.83,44.48,1.0,-1.0,0.35,-350.0
431,45.51,44.83,1.0,-1.0,0.68,-680.0
432,45.43,45.43,0.0,-1.0,0.0,-0.0
433,45.6,45.43,1.0,-1.0,0.17,-170.0
434,45.86,45.6,1.0,-1.0,0.26,-260.0
435,45.17,45.86,0.0,-1.0,-0.69,690.0
436,45.6,45.34,1.0,-1.0,0.26,-260.0
437,44.83,45.43,0.0,-1.0,-0.6,600.0
438,44.91,45.0,0.0,-1.0,-0.09,90.0
439,45.0,44.91,1.0,-1.0,0.09,-90.0
440,45.43,45.0,1.0,-1.0,0.43,-430.0
441,45.51,45.43,1.0,-1.0,0.08,-80.0
442,45.6,45.43,1.0,-1.0,0.17,-170.0
443,45.86,45.51,1.0,-1.0,0.35,-350.0
444,45.77,45.86,0.0,-1.0,-0.09,90.0
445,45.51,45.86,0.0,-1.0,-0.35,350.0
446,45.43,45.43,0.0,-1.0,0.0,-0.0
447,45.6,45.43,1.0,-1.0,0.17,-170.0
448,45.77,45.6,1.0,-1.0,0.17,-170.0
449,45.6,45.77,0.0,-1.0,-0.17,170.0
450,45.43,45.6,0.0,-1.0,-0.17,170.0
451,45.51,45.43,1.0,1.0,0.08,80.0
452,45.86,45.51,1.0,-1.0,0.35,-350.0
453,46.12,45.86,1.0,-1.0,0.26,-260.0
454,46.03,46.2,0.0,-1.0,-0.17,170.0
455,46.12,46.03,1.0,-1.0,0.09,-90.0
456,45.95,46.12,0.0,-1.0,-0.17,170.0
457,46.72,46.03,1.0,-1.0,0.69,-690.0
458,47.32,46.81,1.0,-1.0,0.51,-510.0
459,48.01,47.75,1.0,-1.0,0.26,-260.0
460,48.18,48.01,1.0,-1.0,0.17,-170.0
461,48.53,48.1,1.0,-1.0,0.43,-430.0
462,48.35,48.53,0.0,-1.0,-0.18,180.0
463,49.04,48.61,1.0,-1.0,0.43,-430.0
464,48.44,48.78,0.0,-1.0,-0.34,340.0
465,48.1,48.44,0.0,1.0,-0.34,-340.0
466,48.96,48.27,1.0,-1.0,0.69,-690.0
467,47.92,49.04,0.0,-1.0,-1.12,1120.0
468,48.18,48.18,0.0,-1.0,0.0,-0.0
469,48.35,48.01,1.0,-1.0,0.34,-340.0
470,48.53,48.87,0.0,-1.0,-0.34,340.0
471,49.04,48.53,1.0,-1.0,0.51,-510.0
472,48.78,49.13,0.0,-1.0,-0.35,350.0
473,48.61,48.78,0.0,-1.0,-0.17,170.0
474,49.82,48.61,1.0,-1.0,1.21,-1210.0
475,50.07,50.07,0.0,-1.0,0.0,-0.0
476,50.25,50.25,0.0,-1.0,0.0,-0.0
477,49.39,50.25,0.0,-1.0,-0.86,860.0
478,49.3,48.87,1.0,-1.0,0.43,-430.0
479,48.96,49.3,0.0,-1.0,-0.34,340.0
480,47.92,49.04,0.0,-1.0,-1.12,1120.0
481,47.06,47.84,0.0,-1.0,-0.78,780.0
482,48.02,47.27,1.0,1.0,0.75,750.0
483,48.02,48.21,0.0,-1.0,-0.19,190.0
484,48.77,48.3,1.0,-1.0,0.47,-470.0
485,48.3,48.86,0.0,-1.0,-0.56,560.0
486,48.86,48.68,1.0,-1.0,0.18,-180.0
487,48.96,48.86,1.0,-1.0,0.1,-100.0
488,48.3,48.96,0.0,-1.0,-0.66,660.0
489,48.3,48.3,0.0,-1.0,0.0,-0.0
490,48.96,48.3,1.0,-1.0,0.66,-660.0
491,50.46,49.43,1.0,-1.0,1.03,-1030.0
492,49.99,49.9,1.0,-1.0,0.09,-90.0
493,50.74,50.18,1.0,-1.0,0.56,-560.0
494,50.36,50.65,0.0,-1.0,-0.29,290.0
495,50.93,50.46,1.0,-1.0,0.47,-470.0
496,51.49,50.93,1.0,-1.0,0.56,-560.0
497,51.58,51.49,1.0,-1.0,0.09,-90.0
498,51.3,51.58,0.0,-1.0,-0.28,280.0
499,51.4,51.12,1.0,-1.0,0.28,-280.0
500,50.46,51.21,0.0,-1.0,-0.75,750.0
501,50.65,50.74,0.0,-1.0,-0.09,90.0
502,50.83,50.08,1.0,-1.0,0.75,-750.0
503,50.18,50.65,0.0,-1.0,-0.47,470.0
504,50.46,49.71,1.0,-1.0,0.75,-750.0
505,49.99,50.36,0.0,-1.0,-0.37,370.0
506,50.36,50.18,1.0,-1.0,0.18,-180.0
507,50.08,50.65,0.0,-1.0,-0.57,570.0
508,50.74,50.18,1.0,-1.0,0.56,-560.0
509,49.52,51.02,0.0,-1.0,-1.5,1500.0
510,50.08,50.08,0.0,-1.0,0.0,-0.0
511,50.18,50.27,0.0,-1.0,-0.09,90.0
512,49.8,50.27,0.0,-1.0,-0.47,470.0
513,48.68,49.71,0.0,-1.0,-1.03,1030.0
514,48.77,48.68,1.0,1.0,0.09,90.0
515,49.52,48.77,1.0,-1.0,0.75,-750.0
516,50.18,49.71,1.0,-1.0,0.47,-470.0
517,50.36,49.9,1.0,-1.0,0.46,-460.0
518,50.46,50.55,0.0,-1.0,-0.09,90.0
519,49.52,50.18,0.0,-1.0,-0.66,660.0
520,49.05,49.52,0.0,1.0,-0.47,-470.0
521,48.49,48.96,0.0,1.0,-0.47,-470.0
522,49.05,48.58,1.0,1.0,0.47,470.0
523,48.77,49.24,0.0,1.0,-0.47,-470.0
524,48.21,48.49,0.0,-1.0,-0.28,280.0
525,48.02,48.11,0.0,1.0,-0.09,-90.0
526,47.93,48.3,0.0,1.0,-0.37,-370.0
527,45.35,44.6,1.0,1.0,0.75,750.0
528,45.02,45.02,0.0,1.0,0.0,0.0
529,45.07,44.55,1.0,-1.0,0.52,-520.0
530,45.77,44.74,1.0,-1.0,1.03,-1030.0
531,45.02,45.02,0.0,1.0,0.0,0.0
532,48.11,45.86,1.0,-1.0,2.25,-2250.0
533,47.46,48.3,0.0,1.0,-0.84,-840.0
534,47.36,47.74,0.0,-1.0,-0.38,380.0
535,48.86,47.36,1.0,-1.0,1.5,-1500.0
536,47.74,48.58,0.0,-1.0,-0.84,840.0
537,44.41,44.41,0.0,-1.0,0.0,-0.0
538,45.44,44.08,1.0,-1.0,1.36,-1360.0
539,48.58,46.05,1.0,-1.0,2.53,-2530.0
540,48.02,48.21,0.0,-1.0,-0.19,190.0
541,48.96,48.21,1.0,-1.0,0.75,-750.0
542,48.4,48.86,0.0,-1.0,-0.46,460.0
543,48.21,48.58,0.0,-1.0,-0.37,370.0
544,47.18,48.21,0.0,-1.0,-1.03,1030.0
545,48.49,47.83,1.0,-1.0,0.66,-660.0
546,48.02,48.21,0.0,-1.0,-0.19,190.0
547,48.58,47.74,1.0,-1.0,0.84,-840.0
548,48.58,48.4,1.0,-1.0,0.18,-180.0
549,47.18,46.71,1.0,-1.0,0.47,-470.0
550,47.18,47.18,0.0,1.0,0.0,0.0
551,47.18,47.18,0.0,1.0,0.0,0.0
552,46.14,46.89,0.0,1.0,-0.75,-750.0
553,45.77,46.05,0.0,1.0,-0.28,-280.0
554,45.91,45.96,0.0,1.0,-0.05,-50.0
555,45.91,45.96,0.0,1.0,-0.05,-50.0
556,46.66,45.96,1.0,1.0,0.7,700.0
557,46.71,46.66,1.0,1.0,0.05,50.0
558,46.29,46.61,0.0,1.0,-0.32,-320.0
559,46.38,46.33,1.0,-1.0,0.05,-50.0
560,46.89,46.47,1.0,1.0,0.42,420.0
561,46.89,46.71,1.0,-1.0,0.18,-180.0
562,46.89,46.43,1.0,-1.0,0.46,-460.0
563,45.96,46.61,0.0,-1.0,-0.65,650.0
564,46.1,45.96,1.0,1.0,0.14,140.0
565,46.24,46.1,1.0,-1.0,0.14,-140.0
566,45.63,46.05,0.0,1.0,-0.42,-420.0
567,46.29,45.96,1.0,-1.0,0.33,-330.0
568,46.43,46.43,0.0,-1.0,0.0,-0.0
569,46.29,46.52,0.0,-1.0,-0.23,230.0
570,45.68,45.96,0.0,-1.0,-0.28,280.0
571,45.39,46.14,0.0,1.0,-0.75,-750.0
572,45.77,45.86,0.0,-1.0,-0.09,90.0
573,45.11,45.35,0.0,1.0,-0.24,-240.0
574,43.99,45.11,0.0,1.0,-1.12,-1120.0
575,44.46,44.17,1.0,-1.0,0.29,-290.0
576,44.97,44.64,1.0,1.0,0.33,330.0
577,45.58,45.21,1.0,-1.0,0.37,-370.0
578,45.11,45.58,0.0,-1.0,-0.47,470.0
579,46.52,45.11,1.0,-1.0,1.41,-1410.0
580,46.33,46.52,0.0,-1.0,-0.19,190.0
581,46.33,45.96,1.0,-1.0,0.37,-370.0
582,46.33,46.33,0.0,-1.0,0.0,-0.0
583,46.85,46.43,1.0,-1.0,0.42,-420.0
584,46.89,46.85,1.0,-1.0,0.04,-40.0
585,47.08,46.89,1.0,-1.0,0.19,-190.0
586,46.47,46.8,0.0,1.0,-0.33,-330.0
587,45.21,46.0,0.0,-1.0,-0.79,790.0
588,45.02,45.21,0.0,1.0,-0.19,-190.0
589,46.05,45.11,1.0,-1.0,0.94,-940.0
590,46.75,46.24,1.0,-1.0,0.51,-510.0
591,46.19,46.52,0.0,-1.0,-0.33,330.0
592,47.36,46.14,1.0,-1.0,1.22,-1220.0
593,46.33,47.27,0.0,-1.0,-0.94,940.0
594,47.27,46.89,1.0,-1.0,0.38,-380.0
595,47.36,47.46,0.0,-1.0,-0.1,100.0
596,46.89,47.46,0.0,-1.0,-0.57,570.0
597,46.8,46.99,0.0,-1.0,-0.19,190.0
598,47.83,47.18,1.0,-1.0,0.65,-650.0
599,48.02,47.83,1.0,-1.0,0.19,-190.0
600,49.33,48.4,1.0,-1.0,0.93,-930.0
601,49.24,49.05,1.0,-1.0,0.19,-190.0
602,48.77,49.24,0.0,-1.0,-0.47,470.0
603,48.58,48.21,1.0,-1.0,0.37,-370.0
604,48.68,48.49,1.0,-1.0,0.19,-190.0
605,47.36,48.3,0.0,-1.0,-0.94,940.0
606,47.74,47.46,1.0,-1.0,0.28,-280.0
607,47.93,47.18,1.0,-1.0,0.75,-750.0
608,49.05,48.3,1.0,-1.0,0.75,-750.0
609,49.43,49.05,1.0,-1.0,0.38,-380.0
610,49.9,49.71,1.0,-1.0,0.19,-190.0
611,49.99,49.9,1.0,-1.0,0.09,-90.0
612,49.71,49.9,0.0,-1.0,-0.19,190.0
613,49.99,49.71,1.0,1.0,0.28,280.0
614,49.99,50.27,0.0,1.0,-0.28,-280.0
615,49.99,49.71,1.0,-1.0,0.28,-280.0
616,50.27,50.27,0.0,-1.0,0.0,-0.0
617,50.08,49.9,1.0,-1.0,0.18,-180.0
618,49.52,49.9,0.0,-1.0,-0.38,380.0
619,49.15,49.71,0.0,1.0,-0.56,-560.0
620,48.86,49.24,0.0,1.0,-0.38,-380.0
621,49.9,48.86,1.0,-1.0,1.04,-1040.0
622,49.05,49.9,0.0,-1.0,-0.85,850.0
623,48.86,48.77,1.0,-1.0,0.09,-90.0
624,49.15,48.49,1.0,1.0,0.66,660.0
625,48.77,48.58,1.0,-1.0,0.19,-190.0
626,48.77,48.49,1.0,1.0,0.28,280.0
627,48.86,49.15,0.0,-1.0,-0.29,290.0
628,48.4,48.86,0.0,-1.0,-0.46,460.0
629,47.93,48.4,0.0,1.0,-0.47,-470.0
630,47.83,48.3,0.0,-1.0,-0.47,470.0
631,48.11,47.65,1.0,1.0,0.46,460.0
632,48.3,48.4,0.0,1.0,-0.1,-100.0
633,48.3,48.21,1.0,1.0,0.09,90.0
634,48.77,48.68,1.0,1.0,0.09,90.0
635,48.77,48.58,1.0,-1.0,0.19,-190.0
636,48.58,48.77,0.0,-1.0,-0.19,190.0
637,49.52,48.4,1.0,-1.0,1.12,-1120.0
638,48.96,48.96,0.0,-1.0,0.0,-0.0
639,48.96,48.77,1.0,-1.0,0.19,-190.0
640,49.15,48.58,1.0,-1.0,0.57,-570.0
641,48.4,48.58,0.0,-1.0,-0.18,180.0
642,49.24,48.4,1.0,1.0,0.84,840.0
643,49.52,49.33,1.0,-1.0,0.19,-190.0
644,49.24,49.71,0.0,-1.0,-0.47,470.0
645,49.52,49.15,1.0,-1.0,0.37,-370.0
646,49.8,49.71,1.0,-1.0,0.09,-90.0
647,49.61,49.8,0.0,-1.0,-0.19,190.0
648,48.3,49.61,0.0,-1.0,-1.31,1310.0
649,47.65,48.3,0.0,1.0,-0.65,-650.0
650,48.3,47.65,1.0,1.0,0.65,650.0
651,47.65,48.21,0.0,-1.0,-0.56,560.0
652,47.36,47.55,0.0,-1.0,-0.19,190.0
653,47.55,47.55,0.0,-1.0,0.0,-0.0
654,47.27,47.55,0.0,-1.0,-0.28,280.0
655,47.55,47.36,1.0,-1.0,0.19,-190.0
656,47.65,47.65,0.0,-1.0,0.0,-0.0
657,48.02,47.74,1.0,-1.0,0.28,-280.0
658,47.83,48.02,0.0,-1.0,-0.19,190.0
659,47.83,47.83,0.0,-1.0,0.0,-0.0
660,47.18,48.02,0.0,-1.0,-0.84,840.0
661,47.18,47.27,0.0,-1.0,-0.09,90.0
662,47.18,47.36,0.0,1.0,-0.18,-180.0
663,47.08,47.18,0.0,-1.0,-0.1,100.0
664,46.8,46.89,0.0,-1.0,-0.09,90.0
665,46.89,46.89,0.0,1.0,0.0,0.0
666,46.89,46.89,0.0,1.0,0.0,0.0
667,48.86,47.83,1.0,1.0,1.03,1030.0
668,49.71,49.24,1.0,-1.0,0.47,-470.0
669,50.93,50.18,1.0,-1.0,0.75,-750.0
670,50.74,51.21,0.0,-1.0,-0.47,470.0
671,51.58,50.65,1.0,-1.0,0.93,-930.0
672,51.02,51.58,0.0,-1.0,-0.56,560.0
673,51.21,51.49,0.0,-1.0,-0.28,280.0
674,50.74,50.83,0.0,-1.0,-0.09,90.0
675,50.74,51.02,0.0,-1.0,-0.28,280.0
676,50.65,50.74,0.0,-1.0,-0.09,90.0
677,50.46,51.02,0.0,-1.0,-0.56,560.0
678,50.83,51.02,0.0,-1.0,-0.19,190.0
679,51.4,50.83,1.0,-1.0,0.57,-570.0
680,51.3,51.4,0.0,1.0,-0.1,-100.0
681,50.55,51.21,0.0,-1.0,-0.66,660.0
682,51.4,50.65,1.0,-1.0,0.75,-750.0
683,50.74,51.49,0.0,-1.0,-0.75,750.0
684,50.36,50.65,0.0,-1.0,-0.29,290.0
685,49.9,50.18,0.0,-1.0,-0.28,280.0
686,49.99,49.8,1.0,-1.0,0.19,-190.0
687,48.58,49.9,0.0,-1.0,-1.32,1320.0
688,50.27,49.15,1.0,1.0,1.12,1120.0
689,49.52,50.65,0.0,1.0,-1.13,-1130.0
690,48.96,49.52,0.0,1.0,-0.56,-560.0
691,49.33,49.15,1.0,1.0,0.18,180.0
692,49.99,49.61,1.0,1.0,0.38,380.0
693,49.24,50.08,0.0,-1.0,-0.84,840.0
694,48.86,49.43,0.0,1.0,-0.57,-570.0
695,49.15,48.96,1.0,1.0,0.19,190.0
696,48.86,49.52,0.0,1.0,-0.66,-660.0
697,49.33,48.86,1.0,1.0,0.47,470.0
698,50.65,49.43,1.0,-1.0,1.22,-1220.0
699,50.46,51.02,0.0,-1.0,-0.56,560.0
700,50.27,50.46,0.0,-1.0,-0.19,190.0
701,51.3,50.65,1.0,-1.0,0.65,-650.0
702,50.93,51.3,0.0,-1.0,-0.37,370.0
703,51.58,51.12,1.0,-1.0,0.46,-460.0
704,51.49,51.4,1.0,-1.0,0.09,-90.0
705,50.74,50.74,0.0,-1.0,0.0,-0.0
706,50.83,50.74,1.0,-1.0,0.09,-90.0
707,50.65,50.65,0.0,-1.0,0.0,-0.0
708,50.65,50.46,1.0,-1.0,0.19,-190.0
709,50.46,50.74,0.0,-1.0,-0.28,280.0
710,50.08,50.74,0.0,-1.0,-0.66,660.0
711,50.83,50.36,1.0,1.0,0.47,470.0
712,51.21,50.65,1.0,-1.0,0.56,-560.0
713,51.4,51.49,0.0,-1.0,-0.09,90.0
714,50.93,51.77,0.0,-1.0,-0.84,840.0
715,53.46,50.93,1.0,-1.0,2.53,-2530.0
716,51.87,53.46,0.0,-1.0,-1.59,1590.0
717,51.3,51.87,0.0,-1.0,-0.57,570.0
718,52.24,51.87,1.0,-1.0,0.37,-370.0
719,51.12,51.77,0.0,-1.0,-0.65,650.0
720,52.15,51.58,1.0,-1.0,0.57,-570.0
721,51.68,52.15,0.0,-1.0,-0.47,470.0
722,52.05,51.58,1.0,1.0,0.47,470.0
723,52.15,52.05,1.0,-1.0,0.1,-100.0
724,52.05,52.05,0.0,-1.0,0.0,-0.0
725,52.62,52.15,1.0,-1.0,0.47,-470.0
726,53.46,52.62,1.0,-1.0,0.84,-840.0
727,53.1,54.0,0.0,-1.0,-0.9,900.0
728,52.8,53.1,0.0,-1.0,-0.3,300.0
729,55.5,53.2,1.0,-1.0,2.3,-2300.0
730,54.0,55.9,0.0,-1.0,-1.9,1900.0
731,55.4,54.6,1.0,-1.0,0.8,-800.0
732,55.8,55.0,1.0,1.0,0.8,800.0
733,56.9,55.8,1.0,-1.0,1.1,-1100.0
734,57.1,57.2,0.0,-1.0,-0.1,100.0
735,59.2,57.9,1.0,-1.0,1.3,-1300.0
736,58.4,59.0,0.0,-1.0,-0.6,600.0
737,58.6,57.5,1.0,-1.0,1.1,-1100.0
738,56.9,58.2,0.0,-1.0,-1.3,1300.0
739,55.2,56.1,0.0,-1.0,-0.9,900.0
740,55.3,55.3,0.0,-1.0,0.0,-0.0
741,56.4,56.2,1.0,-1.0,0.2,-200.0
742,56.4,56.4,0.0,-1.0,0.0,-0.0
743,56.3,56.4,0.0,-1.0,-0.1,100.0
744,58.0,56.3,1.0,-1.0,1.7,-1700.0
745,55.6,57.6,0.0,-1.0,-2.0,2000.0
746,56.5,55.6,1.0,1.0,0.9,900.0
747,57.5,57.0,1.0,-1.0,0.5,-500.0
748,56.1,57.0,0.0,-1.0,-0.9,900.0
749,54.5,55.8,0.0,-1.0,-1.3,1300.0
750,54.5,54.9,0.0,1.0,-0.4,-400.0
751,56.3,56.0,1.0,1.0,0.3,300.0
752,57.2,56.4,1.0,-1.0,0.8,-800.0
753,57.5,57.5,0.0,-1.0,0.0,-0.0
754,56.6,57.5,0.0,-1.0,-0.9,900.0
755,56.4,56.6,0.0,-1.0,-0.2,200.0
756,56.5,56.9,0.0,-1.0,-0.4,400.0
757,57.6,57.0,1.0,-1.0,0.6,-600.0
758,56.8,57.5,0.0,-1.0,-0.7,700.0
759,56.1,56.3,0.0,-1.0,-0.2,200.0
760,57.1,56.2,1.0,-1.0,0.9,-900.0
761,55.0,56.2,0.0,-1.0,-1.2,1200.0
762,55.0,55.2,0.0,1.0,-0.2,-200.0
763,55.3,55.5,0.0,1.0,-0.2,-200.0
764,57.0,54.9,1.0,1.0,2.1,2100.0
765,57.5,56.9,1.0,-1.0,0.6,-600.0
766,57.5,57.3,1.0,-1.0,0.2,-200.0
767,58.0,57.7,1.0,-1.0,0.3,-300.0
768,58.4,58.1,1.0,-1.0,0.3,-300.0
769,58.6,58.2,1.0,-1.0,0.4,-400.0
770,57.9,58.6,0.0,-1.0,-0.7,700.0
771,57.7,57.2,1.0,-1.0,0.5,-500.0
772,57.5,57.3,1.0,-1.0,0.2,-200.0
773,56.7,56.7,0.0,-1.0,0.0,-0.0
774,56.9,57.3,0.0,-1.0,-0.4,400.0
775,56.9,57.2,0.0,1.0,-0.3,-300.0
776,56.8,57.2,0.0,1.0,-0.4,-400.0
777,57.1,56.5,1.0,-1.0,0.6,-600.0
778,56.7,57.3,0.0,-1.0,-0.6,600.0
779,56.9,57.1,0.0,1.0,-0.2,-200.0
780,56.9,57.5,0.0,-1.0,-0.6,600.0
781,56.4,56.9,0.0,-1.0,-0.5,500.0
782,55.6,56.6,0.0,1.0,-1.0,-1000.0
783,55.4,55.4,0.0,1.0,0.0,0.0
784,55.2,55.9,0.0,1.0,-0.7,-700.0
785,55.0,55.2,0.0,1.0,-0.2,-200.0
786,54.5,54.7,0.0,1.0,-0.2,-200.0
787,55.4,54.9,1.0,1.0,0.5,500.0
788,56.2,55.6,1.0,-1.0,0.6,-600.0
789,55.5,56.2,0.0,-1.0,-0.7,700.0
790,54.6,55.5,0.0,1.0,-0.9,-900.0
791,55.0,54.6,1.0,-1.0,0.4,-400.0
792,53.8,54.5,0.0,-1.0,-0.7,700.0
793,54.5,54.8,0.0,1.0,-0.3,-300.0
794,54.4,54.5,0.0,-1.0,-0.1,100.0
795,53.6,53.6,0.0,-1.0,0.0,-0.0
796,54.2,53.5,1.0,-1.0,0.7,-700.0
797,54.9,54.2,1.0,-1.0,0.7,-700.0
798,53.4,54.5,0.0,-1.0,-1.1,1100.0
799,54.9,53.8,1.0,1.0,1.1,1100.0
800,54.9,54.9,0.0,1.0,0.0,0.0
801,54.8,55.2,0.0,-1.0,-0.4,400.0
802,54.3,54.8,0.0,-1.0,-0.5,500.0
803,54.2,54.2,0.0,-1.0,0.0,-0.0
804,54.9,54.6,1.0,-1.0,0.3,-300.0
805,54.4,54.9,0.0,-1.0,-0.5,500.0
806,53.8,53.6,1.0,-1.0,0.2,-200.0
807,54.1,54.0,1.0,1.0,0.1,100.0
808,53.8,54.0,0.0,-1.0,-0.2,200.0
809,54.0,53.5,1.0,1.0,0.5,500.0
810,53.6,53.9,0.0,-1.0,-0.3,300.0
811,54.2,53.8,1.0,-1.0,0.4,-400.0
812,53.7,54.0,0.0,-1.0,-0.3,300.0
813,53.0,53.2,0.0,-1.0,-0.2,200.0
814,53.6,52.9,1.0,-1.0,0.7,-700.0
815,53.8,53.7,1.0,-1.0,0.1,-100.0
816,52.9,53.3,0.0,-1.0,-0.4,400.0
817,53.4,53.0,1.0,1.0,0.4,400.0
818,55.0,54.1,1.0,-1.0,0.9,-900.0
819,55.2,55.0,1.0,1.0,0.2,200.0
820,54.6,54.8,0.0,1.0,-0.2,-200.0
821,53.6,54.2,0.0,-1.0,-0.6,600.0
822,54.5,53.5,1.0,-1.0,1.0,-1000.0
823,55.0,54.7,1.0,-1.0,0.3,-300.0
824,55.2,55.3,0.0,-1.0,-0.1,100.0
825,55.7,55.2,1.0,1.0,0.5,500.0
826,55.6,55.7,0.0,-1.0,-0.1,100.0
827,54.2,55.0,0.0,-1.0,-0.8,800.0
828,54.5,54.5,0.0,1.0,0.0,0.0
829,54.9,54.7,1.0,1.0,0.2,200.0
830,53.9,55.1,0.0,-1.0,-1.2,1200.0
831,54.1,53.9,1.0,-1.0,0.2,-200.0
832,54.1,54.1,0.0,-1.0,0.0,-0.0
833,53.8,54.4,0.0,-1.0,-0.6,600.0
834,53.0,53.3,0.0,-1.0,-0.3,300.0
835,51.9,52.6,0.0,1.0,-0.7,-700.0
836,51.0,52.2,0.0,1.0,-1.2,-1200.0
837,52.3,51.6,1.0,1.0,0.7,700.0
838,53.0,51.6,1.0,-1.0,1.4,-1400.0
839,52.9,52.8,1.0,-1.0,0.1,-100.0
840,52.1,51.7,1.0,-1.0,0.4,-400.0
841,52.5,52.5,0.0,1.0,0.0,0.0
842,53.0,52.3,1.0,1.0,0.7,700.0
843,52.3,53.2,0.0,1.0,-0.9,-900.0
844,52.3,53.0,0.0,-1.0,-0.7,700.0
845,53.3,52.1,1.0,1.0,1.2,1200.0
846,53.0,52.9,1.0,-1.0,0.1,-100.0
847,54.0,53.5,1.0,1.0,0.5,500.0
848,55.3,54.0,1.0,-1.0,1.3,-1300.0
849,55.5,54.5,1.0,-1.0,1.0,-1000.0
850,55.2,55.2,0.0,-1.0,0.0,-0.0
851,55.6,54.5,1.0,-1.0,1.1,-1100.0
852,56.3,55.5,1.0,-1.0,0.8,-800.0
853,54.8,55.9,0.0,-1.0,-1.1,1100.0
854,56.3,55.3,1.0,-1.0,1.0,-1000.0
855,56.5,56.3,1.0,-1.0,0.2,-200.0
856,56.1,56.6,0.0,-1.0,-0.5,500.0
857,57.0,56.8,1.0,-1.0,0.2,-200.0
858,57.0,57.0,0.0,-1.0,0.0,-0.0
859,56.8,57.0,0.0,-1.0,-0.2,200.0
860,56.6,56.6,0.0,-1.0,0.0,-0.0
861,55.2,56.6,0.0,1.0,-1.4,-1400.0
862,56.4,55.6,1.0,1.0,0.8,800.0
863,57.3,56.8,1.0,-1.0,0.5,-500.0
864,57.2,57.2,0.0,-1.0,0.0,-0.0
865,56.5,57.5,0.0,-1.0,-1.0,1000.0
866,56.9,56.5,1.0,-1.0,0.4,-400.0
867,56.7,56.9,0.0,-1.0,-0.2,200.0
868,57.4,56.7,1.0,-1.0,0.7,-700.0
869,57.5,57.4,1.0,-1.0,0.1,-100.0
870,57.0,57.4,0.0,-1.0,-0.4,400.0
871,57.5,57.0,1.0,-1.0,0.5,-500.0
872,57.2,57.5,0.0,-1.0,-0.3,300.0
873,56.8,57.2,0.0,1.0,-0.4,-400.0
874,57.5,57.0,1.0,-1.0,0.5,-500.0
875,57.0,57.7,0.0,-1.0,-0.7,700.0
876,58.1,57.5,1.0,-1.0,0.6,-600.0
877,58.5,57.9,1.0,-1.0,0.6,-600.0
878,57.8,58.3,0.0,-1.0,-0.5,500.0
879,58.0,57.7,1.0,-1.0,0.3,-300.0
880,58.5,58.0,1.0,-1.0,0.5,-500.0
881,57.6,57.9,0.0,-1.0,-0.3,300.0
882,56.9,57.9,0.0,-1.0,-1.0,1000.0
883,57.7,56.9,1.0,1.0,0.8,800.0
884,56.5,57.0,0.0,-1.0,-0.5,500.0
885,56.3,56.4,0.0,-1.0,-0.1,100.0
886,56.5,56.4,1.0,1.0,0.1,100.0
887,55.8,55.5,1.0,-1.0,0.3,-300.0
888,55.6,55.1,1.0,1.0,0.5,500.0
889,55.2,55.6,0.0,1.0,-0.4,-400.0
890,55.6,55.0,1.0,1.0,0.6,600.0
891,56.9,55.5,1.0,1.0,1.4,1400.0
892,57.1,56.9,1.0,-1.0,0.2,-200.0
893,58.2,57.1,1.0,-1.0,1.1,-1100.0
894,57.9,58.4,0.0,-1.0,-0.5,500.0
895,59.0,58.3,1.0,-1.0,0.7,-700.0
896,59.1,58.5,1.0,-1.0,0.6,-600.0
897,58.3,59.1,0.0,-1.0,-0.8,800.0
898,58.2,58.9,0.0,-1.0,-0.7,700.0
899,58.1,57.5,1.0,-1.0,0.6,-600.0
900,58.5,58.0,1.0,-1.0,0.5,-500.0
901,58.8,58.4,1.0,-1.0,0.4,-400.0
902,58.6,58.4,1.0,-1.0,0.2,-200.0
903,59.0,58.6,1.0,-1.0,0.4,-400.0
904,59.1,59.1,0.0,-1.0,0.0,-0.0
905,58.2,58.2,0.0,-1.0,0.0,-0.0
906,57.8,59.0,0.0,1.0,-1.2,-1200.0
907,56.6,57.5,0.0,1.0,-0.9,-900.0
908,56.9,56.6,1.0,-1.0,0.3,-300.0
909,57.3,57.8,0.0,-1.0,-0.5,500.0
910,56.5,57.0,0.0,-1.0,-0.5,500.0
911,56.6,56.3,1.0,1.0,0.3,300.0
912,57.3,56.7,1.0,-1.0,0.6,-600.0
913,58.4,57.3,1.0,-1.0,1.1,-1100.0
914,60.8,59.0,1.0,-1.0,1.8,-1800.0
915,60.4,60.6,0.0,-1.0,-0.2,200.0
916,60.2,60.5,0.0,-1.0,-0.3,300.0
917,60.1,59.8,1.0,-1.0,0.3,-300.0
918,59.4,59.5,0.0,-1.0,-0.1,100.0
919,60.0,59.6,1.0,-1.0,0.4,-400.0
920,60.7,59.3,1.0,1.0,1.4,1400.0
921,60.0,60.5,0.0,-1.0,-0.5,500.0
922,60.8,60.5,1.0,-1.0,0.3,-300.0
