,Close,Open,test,prediction,Cl - Op,profit
0,75.02,74.93,1.0,0.0,0.09,0.0
1,74.11,75.02,0.0,-1.0,-0.91,910.0
2,73.57,74.39,0.0,0.0,-0.82,-0.0
3,72.94,73.48,0.0,0.0,-0.54,-0.0
4,73.03,73.93,0.0,0.0,-0.9,-0.0
5,72.58,72.76,0.0,-1.0,-0.18,180.0
6,72.76,72.58,1.0,-1.0,0.18,-180.0
7,72.67,72.58,1.0,-1.0,0.09,-90.0
8,72.94,72.94,0.0,-1.0,0.0,-0.0
9,72.31,72.85,0.0,-1.0,-0.54,540.0
10,72.4,72.13,1.0,0.0,0.27,0.0
11,73.48,72.94,1.0,-1.0,0.54,-540.0
12,74.57,74.11,1.0,-1.0,0.46,-460.0
13,73.93,74.57,0.0,-1.0,-0.64,640.0
14,74.29,73.48,1.0,-1.0,0.81,-810.0
15,74.48,74.48,0.0,-1.0,0.0,-0.0
16,76.64,75.29,1.0,-1.0,1.35,-1350.0
17,76.73,76.64,1.0,-1.0,0.09,-90.0
18,76.46,76.64,0.0,-1.0,-0.18,180.0
19,77.0,76.46,1.0,-1.0,0.54,-540.0
20,75.47,76.64,0.0,-1.0,-1.17,1170.0
21,75.47,76.01,0.0,0.0,-0.54,-0.0
22,75.74,75.11,1.0,0.0,0.63,0.0
23,75.74,75.74,0.0,-1.0,0.0,-0.0
24,75.74,75.65,1.0,-1.0,0.09,-90.0
25,75.56,75.74,0.0,-1.0,-0.18,180.0
26,75.56,75.56,0.0,-1.0,0.0,-0.0
27,75.29,75.74,0.0,-1.0,-0.45,450.0
28,75.65,75.74,0.0,-1.0,-0.09,90.0
29,74.57,75.29,0.0,-1.0,-0.72,720.0
30,72.94,71.23,1.0,-1.0,1.71,-1710.0
31,73.21,72.94,1.0,-1.0,0.27,-270.0
32,73.03,73.03,0.0,-1.0,0.0,-0.0
33,73.03,73.03,0.0,0.0,0.0,0.0
34,71.77,72.13,0.0,-1.0,-0.36,360.0
35,72.13,71.77,1.0,0.0,0.36,0.0
36,72.22,72.13,1.0,-1.0,0.09,-90.0
37,72.13,72.13,0.0,-1.0,0.0,-0.0
38,72.13,72.13,0.0,-1.0,0.0,-0.0
39,72.22,72.22,0.0,0.0,0.0,0.0
40,71.5,72.76,0.0,-1.0,-1.26,1260.0
41,69.97,71.23,0.0,0.0,-1.26,-0.0
42,70.69,70.15,1.0,0.0,0.54,0.0
43,70.42,70.06,1.0,-1.0,0.36,-360.0
44,70.78,70.78,0.0,-1.0,0.0,-0.0
45,70.51,70.87,0.0,-1.0,-0.36,360.0
46,70.6,71.05,0.0,-1.0,-0.45,450.0
47,71.14,70.96,1.0,-1.0,0.18,-180.0
48,71.77,71.23,1.0,-1.0,0.54,-540.0
49,69.61,71.23,0.0,-1.0,-1.62,1620.0
50,69.34,70.33,0.0,-1.0,-0.99,990.0
51,68.52,69.25,0.0,-1.0,-0.73,730.0
52,69.43,69.43,0.0,-1.0,0.0,-0.0
53,69.7,69.79,0.0,-1.0,-0.09,90.0
54,69.34,69.7,0.0,-1.0,-0.36,360.0
55,68.43,68.52,0.0,-1.0,-0.09,90.0
56,67.8,68.07,0.0,0.0,-0.27,-0.0
57,65.19,67.62,0.0,0.0,-2.43,-0.0
58,63.11,64.92,0.0,0.0,-1.81,-0.0
59,61.04,63.11,0.0,0.0,-2.07,-0.0
60,61.85,60.86,1.0,0.0,0.99,0.0
61,64.02,62.21,1.0,-1.0,1.81,-1810.0
62,65.73,64.92,1.0,0.0,0.81,0.0
63,64.56,65.73,0.0,-1.0,-1.17,1170.0
64,63.57,64.65,0.0,-1.0,-1.08,1080.0
65,65.28,63.93,1.0,0.0,1.35,0.0
66,65.82,65.64,1.0,-1.0,0.18,-180.0
67,66.27,65.82,1.0,0.0,0.45,0.0
68,66.09,66.72,0.0,0.0,-0.63,-0.0
69,68.52,66.63,1.0,0.0,1.89,0.0
70,68.98,68.52,1.0,0.0,0.46,0.0
71,68.79,68.52,1.0,-1.0,0.27,-270.0
72,67.26,68.34,0.0,-1.0,-1.08,1080.0
73,67.8,67.44,1.0,-1.0,0.36,-360.0
74,68.07,67.62,1.0,-1.0,0.45,-450.0
75,68.61,68.34,1.0,-1.0,0.27,-270.0
76,69.43,69.07,1.0,-1.0,0.36,-360.0
77,69.43,69.43,0.0,-1.0,0.0,-0.0
78,70.33,69.79,1.0,-1.0,0.54,-540.0
79,71.05,70.51,1.0,-1.0,0.54,-540.0
80,70.78,71.05,0.0,-1.0,-0.27,270.0
81,70.15,70.78,0.0,-1.0,-0.63,630.0
82,69.88,69.97,0.0,0.0,-0.09,-0.0
83,70.6,70.42,1.0,-1.0,0.18,-180.0
84,69.7,70.15,0.0,-1.0,-0.45,450.0
85,68.98,69.61,0.0,-1.0,-0.63,630.0
86,68.16,68.98,0.0,0.0,-0.82,-0.0
87,68.25,68.07,1.0,0.0,0.18,0.0
88,69.88,68.25,1.0,-1.0,1.63,-1630.0
89,69.97,70.15,0.0,0.0,-0.18,-0.0
90,70.24,70.15,1.0,0.0,0.09,0.0
91,70.87,70.51,1.0,0.0,0.36,0.0
92,71.23,70.87,1.0,-1.0,0.36,-360.0
93,71.95,71.77,1.0,-1.0,0.18,-180.0
94,72.4,71.68,1.0,0.0,0.72,0.0
95,72.13,72.13,0.0,-1.0,0.0,-0.0
96,72.22,71.68,1.0,0.0,0.54,0.0
97,72.13,72.4,0.0,0.0,-0.27,-0.0
98,73.84,72.58,1.0,0.0,1.26,0.0
99,73.03,73.93,0.0,-1.0,-0.9,900.0
100,71.95,72.58,0.0,-1.0,-0.63,630.0
101,72.31,72.49,0.0,-1.0,-0.18,180.0
102,71.5,72.31,0.0,-1.0,-0.81,810.0
103,71.05,72.13,0.0,-1.0,-1.08,1080.0
104,72.31,72.13,1.0,0.0,0.18,0.0
105,72.04,72.31,0.0,-1.0,-0.27,270.0
106,72.13,72.22,0.0,-1.0,-0.09,90.0
107,71.95,72.13,0.0,-1.0,-0.18,180.0
108,71.05,72.04,0.0,0.0,-0.99,-0.0
109,71.05,70.87,1.0,-1.0,0.18,-180.0
110,70.78,71.14,0.0,0.0,-0.36,-0.0
111,71.23,71.23,0.0,-1.0,0.0,-0.0
112,72.13,71.5,1.0,-1.0,0.63,-630.0
113,72.31,71.41,1.0,-1.0,0.9,-900.0
114,72.22,72.22,0.0,-1.0,0.0,-0.0
115,73.03,72.22,1.0,-1.0,0.81,-810.0
116,72.94,72.94,0.0,-1.0,0.0,-0.0
117,72.13,72.94,0.0,-1.0,-0.81,810.0
118,71.23,72.85,0.0,0.0,-1.62,-0.0
119,71.14,71.23,0.0,0.0,-0.09,-0.0
120,70.87,71.23,0.0,-1.0,-0.36,360.0
121,70.51,71.14,0.0,-1.0,-0.63,630.0
122,69.97,70.51,0.0,-1.0,-0.54,540.0
123,70.42,70.33,1.0,0.0,0.09,0.0
124,69.7,70.15,0.0,-1.0,-0.45,450.0
125,68.98,69.43,0.0,0.0,-0.45,-0.0
126,67.62,68.98,0.0,0.0,-1.36,-0.0
127,69.25,67.89,1.0,0.0,1.36,0.0
128,67.26,68.98,0.0,-1.0,-1.72,1720.0
129,66.99,67.26,0.0,0.0,-0.27,-0.0
130,67.35,67.08,1.0,0.0,0.27,0.0
131,68.07,67.98,1.0,0.0,0.09,0.0
132,68.16,68.07,1.0,0.0,0.09,0.0
133,68.16,68.34,0.0,-1.0,-0.18,180.0
134,68.07,68.52,0.0,-1.0,-0.45,450.0
135,66.27,68.07,0.0,-1.0,-1.8,1800.0
136,65.1,66.27,0.0,0.0,-1.17,-0.0
137,67.17,65.37,1.0,-1.0,1.8,-1800.0
138,65.55,65.82,0.0,0.0,-0.27,-0.0
139,65.37,65.82,0.0,0.0,-0.45,-0.0
140,64.47,65.37,0.0,0.0,-0.9,-0.0
141,64.29,64.92,0.0,0.0,-0.63,-0.0
142,64.47,64.29,1.0,-1.0,0.18,-180.0
143,64.83,64.47,1.0,-1.0,0.36,-360.0
144,63.75,64.56,0.0,-1.0,-0.81,810.0
145,63.84,63.75,1.0,-1.0,0.09,-90.0
146,63.66,63.84,0.0,-1.0,-0.18,180.0
147,64.83,63.84,1.0,-1.0,0.99,-990.0
148,64.2,65.01,0.0,-1.0,-0.81,810.0
149,64.47,64.11,1.0,-1.0,0.36,-360.0
150,64.11,64.83,0.0,-1.0,-0.72,720.0
151,63.11,63.57,0.0,-1.0,-0.46,460.0
152,63.02,63.11,0.0,-1.0,-0.09,90.0
153,61.76,63.02,0.0,-1.0,-1.26,1260.0
154,63.11,61.85,1.0,0.0,1.26,0.0
155,63.11,62.66,1.0,0.0,0.45,0.0
156,63.11,62.84,1.0,0.0,0.27,0.0
157,62.21,62.57,0.0,0.0,-0.36,-0.0
158,61.31,62.21,0.0,0.0,-0.9,-0.0
159,61.13,61.31,0.0,0.0,-0.18,-0.0
160,61.67,61.13,1.0,0.0,0.54,0.0
161,62.21,61.76,1.0,-1.0,0.45,-450.0
162,62.21,62.3,0.0,-1.0,-0.09,90.0
163,65.19,62.57,1.0,-1.0,2.62,-2620.0
164,65.1,65.19,0.0,-1.0,-0.09,90.0
165,65.1,64.47,1.0,0.0,0.63,0.0
166,64.02,65.1,0.0,-1.0,-1.08,1080.0
167,64.56,64.38,1.0,-1.0,0.18,-180.0
168,64.74,64.83,0.0,-1.0,-0.09,90.0
169,63.84,65.1,0.0,0.0,-1.26,-0.0
170,64.56,64.56,0.0,0.0,0.0,0.0
171,64.74,64.56,1.0,-1.0,0.18,-180.0
172,66.09,64.74,1.0,-1.0,1.35,-1350.0
173,66.27,66.36,0.0,-1.0,-0.09,90.0
174,66.72,66.27,1.0,-1.0,0.45,-450.0
175,65.82,66.72,0.0,-1.0,-0.9,900.0
176,65.91,65.82,1.0,-1.0,0.09,-90.0
177,66.63,66.45,1.0,-1.0,0.18,-180.0
178,67.26,66.63,1.0,-1.0,0.63,-630.0
179,66.36,66.9,0.0,-1.0,-0.54,540.0
180,66.09,66.45,0.0,0.0,-0.36,-0.0
181,66.63,66.36,1.0,0.0,0.27,0.0
182,66.09,66.36,0.0,-1.0,-0.27,270.0
183,64.2,66.0,0.0,0.0,-1.8,-0.0
184,63.11,64.2,0.0,0.0,-1.09,-0.0
185,63.48,63.11,1.0,-1.0,0.37,-370.0
186,64.02,63.57,1.0,-1.0,0.45,-450.0
187,64.11,63.84,1.0,-1.0,0.27,-270.0
188,63.11,64.11,0.0,-1.0,-1.0,1000.0
189,62.66,64.29,0.0,0.0,-1.63,-0.0
190,62.66,62.66,0.0,0.0,0.0,0.0
191,63.02,62.75,1.0,0.0,0.27,0.0
192,62.75,62.93,0.0,-1.0,-0.18,180.0
193,62.57,62.57,0.0,-1.0,0.0,-0.0
194,63.02,62.93,1.0,-1.0,0.09,-90.0
195,63.11,63.11,0.0,0.0,0.0,0.0
196,62.66,63.2,0.0,-1.0,-0.54,540.0
197,61.67,62.3,0.0,-1.0,-0.63,630.0
198,61.76,61.67,1.0,0.0,0.09,0.0
199,62.84,61.76,1.0,-1.0,1.08,-1080.0
200,62.21,62.57,0.0,0.0,-0.36,-0.0
201,62.75,62.12,1.0,0.0,0.63,0.0
202,61.85,61.76,1.0,0.0,0.09,0.0
203,61.13,61.31,0.0,0.0,-0.18,-0.0
204,61.67,61.13,1.0,0.0,0.54,0.0
205,61.49,61.31,1.0,-1.0,0.18,-180.0
206,62.03,62.57,0.0,-1.0,-0.54,540.0
207,63.29,62.03,1.0,-1.0,1.26,-1260.0
208,65.37,63.57,1.0,-1.0,1.8,-1800.0
209,64.02,64.74,0.0,0.0,-0.72,-0.0
210,62.84,64.02,0.0,-1.0,-1.18,1180.0
211,62.21,63.84,0.0,-1.0,-1.63,1630.0
212,62.84,63.11,0.0,0.0,-0.27,-0.0
213,63.93,63.57,1.0,-1.0,0.36,-360.0
214,63.57,64.47,0.0,-1.0,-0.9,900.0
215,65.19,63.48,1.0,0.0,1.71,0.0
216,65.55,65.64,0.0,-1.0,-0.09,90.0
217,67.08,65.82,1.0,-1.0,1.26,-1260.0
218,67.62,67.08,1.0,-1.0,0.54,-540.0
219,68.79,67.62,1.0,-1.0,1.17,-1170.0
220,68.89,68.89,0.0,-1.0,0.0,-0.0
221,71.46,69.65,1.0,-1.0,1.81,-1810.0
222,71.36,71.46,0.0,-1.0,-0.1,100.0
223,70.79,71.27,0.0,-1.0,-0.48,480.0
224,72.79,71.46,1.0,0.0,1.33,0.0
225,74.32,73.27,1.0,-1.0,1.05,-1050.0
226,73.84,74.32,0.0,-1.0,-0.48,480.0
227,73.08,73.17,0.0,0.0,-0.09,-0.0
228,71.93,73.36,0.0,-1.0,-1.43,1430.0
229,72.22,72.41,0.0,-1.0,-0.19,190.0
230,72.79,72.6,1.0,-1.0,0.19,-190.0
231,71.84,73.36,0.0,-1.0,-1.52,1520.0
232,71.55,71.84,0.0,0.0,-0.29,-0.0
233,74.13,73.08,1.0,0.0,1.05,0.0
234,74.32,74.32,0.0,-1.0,0.0,-0.0
235,72.22,74.03,0.0,-1.0,-1.81,1810.0
236,71.27,71.93,0.0,0.0,-0.66,-0.0
237,71.17,71.46,0.0,0.0,-0.29,-0.0
238,69.93,71.46,0.0,0.0,-1.53,-0.0
239,70.89,69.93,1.0,0.0,0.96,0.0
240,70.89,70.98,0.0,0.0,-0.09,-0.0
241,70.31,70.5,0.0,-1.0,-0.19,190.0
242,69.55,69.65,0.0,-1.0,-0.1,100.0
243,70.12,69.36,1.0,0.0,0.76,0.0
244,69.08,70.98,0.0,0.0,-1.9,-0.0
245,69.08,69.08,0.0,-1.0,0.0,-0.0
246,67.65,68.69,0.0,-1.0,-1.04,1040.0
247,69.08,68.41,1.0,0.0,0.67,0.0
248,69.36,69.36,0.0,-1.0,0.0,-0.0
249,68.79,68.69,1.0,0.0,0.1,0.0
250,68.6,68.03,1.0,0.0,0.57,0.0
251,70.5,69.36,1.0,0.0,1.14,0.0
252,71.08,70.5,1.0,-1.0,0.58,-580.0
253,71.46,70.6,1.0,0.0,0.86,0.0
254,71.93,71.84,1.0,-1.0,0.09,-90.0
255,72.41,71.36,1.0,-1.0,1.05,-1050.0
256,73.27,72.6,1.0,-1.0,0.67,-670.0
257,72.41,73.17,0.0,-1.0,-0.76,760.0
258,73.36,72.41,1.0,0.0,0.95,0.0
259,73.36,73.36,0.0,-1.0,0.0,-0.0
260,72.89,72.89,0.0,-1.0,0.0,-0.0
261,73.36,72.41,1.0,-1.0,0.95,-950.0
262,72.6,72.7,0.0,-1.0,-0.1,100.0
263,72.51,72.03,1.0,-1.0,0.48,-480.0
264,74.03,72.89,1.0,-1.0,1.14,-1140.0
265,73.84,73.36,1.0,-1.0,0.48,-480.0
266,72.98,73.74,0.0,-1.0,-0.76,760.0
267,73.36,72.6,1.0,0.0,0.76,0.0
268,73.55,73.36,1.0,0.0,0.19,0.0
269,73.84,72.98,1.0,0.0,0.86,0.0
270,73.17,73.84,0.0,0.0,-0.67,-0.0
271,73.84,73.36,1.0,0.0,0.48,0.0
272,72.7,72.7,0.0,0.0,0.0,0.0
273,73.36,72.6,1.0,-1.0,0.76,-760.0
274,73.93,73.36,1.0,0.0,0.57,0.0
275,75.84,73.84,1.0,-1.0,2.0,-2000.0
276,75.27,75.36,0.0,-1.0,-0.09,90.0
277,73.93,74.7,0.0,0.0,-0.77,-0.0
278,74.32,73.93,1.0,0.0,0.39,0.0
279,74.32,74.32,0.0,-1.0,0.0,-0.0
280,73.84,74.32,0.0,-1.0,-0.48,480.0
281,72.98,73.36,0.0,-1.0,-0.38,380.0
282,74.03,73.17,1.0,-1.0,0.86,-860.0
283,74.13,73.46,1.0,-1.0,0.67,-670.0
284,75.46,74.51,1.0,-1.0,0.95,-950.0
285,75.46,75.65,0.0,-1.0,-0.19,190.0
286,75.74,75.46,1.0,-1.0,0.28,-280.0
287,76.03,75.27,1.0,-1.0,0.76,-760.0
288,75.84,75.74,1.0,-1.0,0.1,-100.0
289,75.84,75.36,1.0,-1.0,0.48,-480.0
290,75.27,75.36,0.0,-1.0,-0.09,90.0
291,75.17,74.7,1.0,-1.0,0.47,-470.0
292,75.65,75.08,1.0,-1.0,0.57,-570.0
293,75.74,75.65,1.0,-1.0,0.09,-90.0
294,76.03,75.08,1.0,0.0,0.95,0.0
295,75.27,76.03,0.0,0.0,-0.76,-0.0
296,73.65,74.7,0.0,-1.0,-1.05,1050.0
297,72.41,73.65,0.0,-1.0,-1.24,1240.0
298,72.41,72.41,0.0,0.0,0.0,0.0
299,72.79,72.6,1.0,-1.0,0.19,-190.0
300,72.32,72.03,1.0,0.0,0.29,0.0
301,72.12,72.32,0.0,0.0,-0.2,-0.0
302,73.08,72.7,1.0,0.0,0.38,0.0
303,71.46,73.36,0.0,-1.0,-1.9,1900.0
304,70.7,71.46,0.0,0.0,-0.76,-0.0
305,72.22,71.36,1.0,0.0,0.86,0.0
306,72.32,72.12,1.0,-1.0,0.2,-200.0
307,72.51,72.6,0.0,0.0,-0.09,-0.0
308,71.55,72.22,0.0,-1.0,-0.67,670.0
309,70.6,71.46,0.0,-1.0,-0.86,860.0
310,71.55,70.6,1.0,0.0,0.95,0.0
311,72.22,72.32,0.0,-1.0,-0.1,100.0
312,71.84,72.22,0.0,-1.0,-0.38,380.0
313,72.41,72.22,1.0,-1.0,0.19,-190.0
314,73.74,72.7,1.0,-1.0,1.04,-1040.0
315,74.13,73.65,1.0,-1.0,0.48,-480.0
316,74.32,74.13,1.0,-1.0,0.19,-190.0
317,73.74,74.32,0.0,-1.0,-0.58,580.0
318,74.32,73.36,1.0,-1.0,0.96,-960.0
319,74.41,74.32,1.0,-1.0,0.09,-90.0
320,73.46,74.32,0.0,0.0,-0.86,-0.0
321,75.17,74.7,1.0,-1.0,0.47,-470.0
322,75.27,75.27,0.0,-1.0,0.0,-0.0
323,75.94,75.36,1.0,0.0,0.58,0.0
324,75.17,75.36,0.0,-1.0,-0.19,190.0
325,75.36,74.98,1.0,0.0,0.38,0.0
326,74.51,75.17,0.0,-1.0,-0.66,660.0
327,74.51,74.51,0.0,-1.0,0.0,-0.0
328,74.41,74.32,1.0,-1.0,0.09,-90.0
329,74.41,74.6,0.0,-1.0,-0.19,190.0
330,73.93,74.32,0.0,-1.0,-0.39,390.0
331,75.08,74.41,1.0,-1.0,0.67,-670.0
332,75.27,75.08,1.0,0.0,0.19,0.0
333,75.74,75.27,1.0,-1.0,0.47,-470.0
334,75.36,75.74,0.0,0.0,-0.38,-0.0
335,75.46,75.17,1.0,0.0,0.29,0.0
336,76.22,75.65,1.0,-1.0,0.57,-570.0
337,76.7,76.03,1.0,-1.0,0.67,-670.0
338,76.03,76.51,0.0,-1.0,-0.48,480.0
339,75.74,75.65,1.0,-1.0,0.09,-90.0
340,75.27,75.46,0.0,-1.0,-0.19,190.0
341,74.7,75.27,0.0,-1.0,-0.57,570.0
342,74.32,74.79,0.0,-1.0,-0.47,470.0
343,75.08,74.89,1.0,0.0,0.19,0.0
344,75.08,75.27,0.0,-1.0,-0.19,190.0
345,75.27,75.46,0.0,-1.0,-0.19,190.0
346,74.89,74.79,1.0,-1.0,0.1,-100.0
347,75.27,74.6,1.0,-1.0,0.67,-670.0
348,75.46,75.84,0.0,-1.0,-0.38,380.0
349,74.98,75.46,0.0,-1.0,-0.48,480.0
350,75.27,75.17,1.0,-1.0,0.1,-100.0
351,75.74,75.46,1.0,-1.0,0.28,-280.0
352,76.22,75.74,1.0,-1.0,0.48,-480.0
353,76.13,76.22,0.0,-1.0,-0.09,90.0
354,76.32,75.74,1.0,-1.0,0.58,-580.0
355,74.32,75.84,0.0,-1.0,-1.52,1520.0
356,71.74,73.17,0.0,0.0,-1.43,-0.0
357,71.65,71.74,0.0,0.0,-0.09,-0.0
358,71.84,72.32,0.0,0.0,-0.48,-0.0
359,72.03,72.41,0.0,0.0,-0.38,-0.0
360,72.7,71.74,1.0,0.0,0.96,0.0
361,73.27,72.7,1.0,0.0,0.57,0.0
362,72.89,73.08,0.0,0.0,-0.19,-0.0
363,73.36,73.36,0.0,-1.0,0.0,-0.0
364,73.08,73.36,0.0,-1.0,-0.28,280.0
365,73.08,73.08,0.0,0.0,0.0,0.0
366,73.65,72.89,1.0,-1.0,0.76,-760.0
367,72.79,73.17,0.0,-1.0,-0.38,380.0
368,73.36,73.36,0.0,-1.0,0.0,-0.0
369,73.17,73.55,0.0,-1.0,-0.38,380.0
370,73.55,73.17,1.0,-1.0,0.38,-380.0
371,73.84,73.46,1.0,-1.0,0.38,-380.0
372,73.36,74.03,0.0,-1.0,-0.67,670.0
373,72.41,73.36,0.0,-1.0,-0.95,950.0
374,71.74,71.93,0.0,-1.0,-0.19,190.0
375,71.93,72.6,0.0,0.0,-0.67,-0.0
376,71.93,72.41,0.0,-1.0,-0.48,480.0
377,72.7,71.93,1.0,-1.0,0.77,-770.0
378,71.84,72.32,0.0,-1.0,-0.48,480.0
379,72.41,71.93,1.0,-1.0,0.48,-480.0
380,71.46,71.93,0.0,-1.0,-0.47,470.0
381,71.46,71.46,0.0,-1.0,0.0,-0.0
382,70.03,70.98,0.0,-1.0,-0.95,950.0
383,69.55,70.03,0.0,-1.0,-0.48,480.0
384,70.5,69.84,1.0,-1.0,0.66,-660.0
385,69.84,70.7,0.0,-1.0,-0.86,860.0
386,70.31,69.55,1.0,0.0,0.76,0.0
387,69.55,70.22,0.0,0.0,-0.67,-0.0
388,69.93,69.36,1.0,-1.0,0.57,-570.0
389,71.08,69.55,1.0,-1.0,1.53,-1530.0
390,70.5,71.08,0.0,-1.0,-0.58,580.0
391,72.32,70.5,1.0,-1.0,1.82,-1820.0
392,72.41,72.22,1.0,-1.0,0.19,-190.0
393,72.6,72.41,1.0,-1.0,0.19,-190.0
394,72.7,71.74,1.0,-1.0,0.96,-960.0
395,73.17,72.79,1.0,-1.0,0.38,-380.0
396,73.46,73.17,1.0,-1.0,0.29,-290.0
397,73.46,72.7,1.0,-1.0,0.76,-760.0
398,73.84,73.27,1.0,-1.0,0.57,-570.0
399,73.84,73.84,0.0,-1.0,0.0,-0.0
400,73.84,73.93,0.0,-1.0,-0.09,90.0
401,73.84,73.84,0.0,-1.0,0.0,-0.0
402,73.84,73.55,1.0,-1.0,0.29,-290.0
403,74.13,73.74,1.0,-1.0,0.39,-390.0
404,73.74,73.93,0.0,-1.0,-0.19,190.0
405,73.93,73.93,0.0,-1.0,0.0,-0.0
406,74.13,73.93,1.0,-1.0,0.2,-200.0
407,73.93,74.03,0.0,0.0,-0.1,-0.0
408,73.46,73.55,0.0,-1.0,-0.09,90.0
409,72.22,73.46,0.0,0.0,-1.24,-0.0
410,73.17,72.03,1.0,0.0,1.14,0.0
411,72.12,73.17,0.0,0.0,-1.05,-0.0
412,72.51,71.36,1.0,0.0,1.15,0.0
413,73.27,72.6,1.0,0.0,0.67,0.0
414,74.13,73.55,1.0,0.0,0.58,0.0
415,74.13,74.22,0.0,0.0,-0.09,-0.0
416,74.32,74.13,1.0,-1.0,0.19,-190.0
417,74.03,74.51,0.0,-1.0,-0.48,480.0
418,74.51,74.03,1.0,-1.0,0.48,-480.0
419,73.74,73.55,1.0,-1.0,0.19,-190.0
420,74.13,73.65,1.0,-1.0,0.48,-480.0
421,73.36,73.55,0.0,-1.0,-0.19,190.0
422,73.27,73.46,0.0,-1.0,-0.19,190.0
423,73.65,73.36,1.0,-1.0,0.29,-290.0
424,72.98,73.27,0.0,-1.0,-0.29,290.0
425,72.79,72.32,1.0,-1.0,0.47,-470.0
426,73.55,72.79,1.0,-1.0,0.76,-760.0
427,72.7,73.65,0.0,-1.0,-0.95,950.0
428,73.27,72.7,1.0,-1.0,0.57,-570.0
429,73.93,72.98,1.0,-1.0,0.95,-950.0
430,73.84,73.36,1.0,-1.0,0.48,-480.0
431,74.22,73.36,1.0,-1.0,0.86,-860.0
432,74.13,74.03,1.0,-1.0,0.1,-100.0
433,74.03,74.32,0.0,-1.0,-0.29,290.0
434,74.41,73.55,1.0,-1.0,0.86,-860.0
435,73.08,74.41,0.0,-1.0,-1.33,1330.0
436,74.32,73.08,1.0,-1.0,1.24,-1240.0
437,73.84,73.65,1.0,-1.0,0.19,-190.0
438,73.84,73.74,1.0,-1.0,0.1,-100.0
439,73.46,73.74,0.0,-1.0,-0.28,280.0
440,73.46,73.46,0.0,-1.0,0.0,-0.0
441,73.36,73.36,0.0,-1.0,0.0,-0.0
442,73.08,73.36,0.0,0.0,-0.28,-0.0
443,72.89,73.17,0.0,-1.0,-0.28,280.0
444,73.08,72.6,1.0,-1.0,0.48,-480.0
445,72.79,73.27,0.0,-1.0,-0.48,480.0
446,73.17,72.98,1.0,-1.0,0.19,-190.0
447,74.32,73.36,1.0,-1.0,0.96,-960.0
448,75.55,74.89,1.0,-1.0,0.66,-660.0
449,74.79,75.55,0.0,-1.0,-0.76,760.0
450,75.55,74.79,1.0,-1.0,0.76,-760.0
451,76.13,75.46,1.0,-1.0,0.67,-670.0
452,75.36,76.13,0.0,-1.0,-0.77,770.0
453,76.03,75.27,1.0,-1.0,0.76,-760.0
454,76.03,76.03,0.0,-1.0,0.0,-0.0
455,76.03,76.03,0.0,-1.0,0.0,-0.0
456,76.22,76.03,1.0,-1.0,0.19,-190.0
457,76.41,76.22,1.0,0.0,0.19,0.0
458,75.73,76.41,0.0,-1.0,-0.68,680.0
459,75.63,76.12,0.0,-1.0,-0.49,490.0
460,75.14,75.44,0.0,-1.0,-0.3,300.0
461,75.53,75.14,1.0,-1.0,0.39,-390.0
462,75.05,75.34,0.0,-1.0,-0.29,290.0
463,75.63,75.73,0.0,0.0,-0.1,-0.0
464,75.44,75.34,1.0,-1.0,0.1,-100.0
465,75.34,75.44,0.0,-1.0,-0.1,100.0
466,75.92,75.44,1.0,-1.0,0.48,-480.0
467,74.85,75.73,0.0,-1.0,-0.88,880.0
468,74.75,74.75,0.0,-1.0,0.0,-0.0
469,74.75,74.46,1.0,-1.0,0.29,-290.0
470,75.24,75.24,0.0,-1.0,0.0,-0.0
471,75.34,75.24,1.0,-1.0,0.1,-100.0
472,75.14,74.46,1.0,-1.0,0.68,-680.0
473,75.14,75.14,0.0,-1.0,0.0,-0.0
474,75.83,74.75,1.0,-1.0,1.08,-1080.0
475,75.83,75.53,1.0,-1.0,0.3,-300.0
476,76.8,76.12,1.0,-1.0,0.68,-680.0
477,75.44,76.51,0.0,-1.0,-1.07,1070.0
478,74.85,75.14,0.0,-1.0,-0.29,290.0
479,73.39,75.14,0.0,-1.0,-1.75,1750.0
480,72.51,73.68,0.0,-1.0,-1.17,1170.0
481,74.36,72.51,1.0,0.0,1.85,0.0
482,73.48,73.97,0.0,-1.0,-0.49,490.0
483,73.19,73.39,0.0,-1.0,-0.2,200.0
484,73.68,73.78,0.0,0.0,-0.1,-0.0
485,73.87,73.68,1.0,0.0,0.19,0.0
486,74.07,73.29,1.0,-1.0,0.78,-780.0
487,73.68,74.36,0.0,-1.0,-0.68,680.0
488,74.46,73.78,1.0,-1.0,0.68,-680.0
489,73.58,74.46,0.0,-1.0,-0.88,880.0
490,74.95,73.87,1.0,-1.0,1.08,-1080.0
491,75.44,74.95,1.0,-1.0,0.49,-490.0
492,75.05,75.05,0.0,-1.0,0.0,-0.0
493,76.22,75.05,1.0,-1.0,1.17,-1170.0
494,76.12,76.12,0.0,-1.0,0.0,-0.0
495,76.12,76.12,0.0,-1.0,0.0,-0.0
496,76.7,76.12,1.0,-1.0,0.58,-580.0
497,76.61,75.83,1.0,-1.0,0.78,-780.0
498,75.63,75.92,0.0,-1.0,-0.29,290.0
499,75.63,75.53,1.0,-1.0,0.1,-100.0
500,75.53,75.63,0.0,-1.0,-0.1,100.0
501,75.63,75.83,0.0,0.0,-0.2,-0.0
502,76.22,75.63,1.0,-1.0,0.59,-590.0
503,76.12,76.12,0.0,0.0,0.0,0.0
504,75.44,76.22,0.0,-1.0,-0.78,780.0
505,73.97,75.14,0.0,-1.0,-1.17,1170.0
506,73.68,73.97,0.0,-1.0,-0.29,290.0
507,73.58,74.17,0.0,0.0,-0.59,-0.0
508,73.48,73.58,0.0,0.0,-0.1,-0.0
509,73.19,73.48,0.0,-1.0,-0.29,290.0
510,73.39,73.39,0.0,0.0,0.0,0.0
511,73.29,73.39,0.0,0.0,-0.1,-0.0
512,73.0,73.39,0.0,0.0,-0.39,-0.0
513,71.73,72.9,0.0,-1.0,-1.17,1170.0
514,71.73,71.73,0.0,-1.0,0.0,-0.0
515,71.53,71.53,0.0,0.0,0.0,0.0
516,71.24,71.63,0.0,0.0,-0.39,-0.0
517,71.73,71.14,1.0,-1.0,0.59,-590.0
518,70.26,71.34,0.0,0.0,-1.08,-0.0
519,70.36,69.87,1.0,0.0,0.49,0.0
520,69.68,70.26,0.0,0.0,-0.58,-0.0
521,69.19,69.48,0.0,0.0,-0.29,-0.0
522,69.78,69.29,1.0,-1.0,0.49,-490.0
523,69.19,69.78,0.0,-1.0,-0.59,590.0
524,69.09,68.9,1.0,-1.0,0.19,-190.0
525,69.39,68.7,1.0,-1.0,0.69,-690.0
526,69.29,69.68,0.0,-1.0,-0.39,390.0
527,67.82,68.31,0.0,-1.0,-0.49,490.0
528,67.73,66.95,1.0,0.0,0.78,0.0
529,66.36,67.04,0.0,-1.0,-0.68,680.0
530,66.07,65.48,1.0,-1.0,0.59,-590.0
531,63.82,66.36,0.0,-1.0,-2.54,2540.0
532,64.6,65.58,0.0,0.0,-0.98,-0.0
533,64.7,64.6,1.0,-1.0,0.1,-100.0
534,66.26,65.38,1.0,0.0,0.88,0.0
535,66.36,66.26,1.0,-1.0,0.1,-100.0
536,65.97,66.36,0.0,-1.0,-0.39,390.0
537,66.36,65.97,1.0,-1.0,0.39,-390.0
538,66.95,66.95,0.0,-1.0,0.0,-0.0
539,68.12,67.73,1.0,-1.0,0.39,-390.0
540,68.6,68.02,1.0,0.0,0.58,0.0
541,68.51,68.6,0.0,0.0,-0.09,-0.0
542,68.8,69.0,0.0,0.0,-0.2,-0.0
543,68.7,68.8,0.0,0.0,-0.1,-0.0
544,68.12,68.12,0.0,0.0,0.0,0.0
545,68.31,68.12,1.0,-1.0,0.19,-190.0
546,67.63,67.82,0.0,0.0,-0.19,-0.0
547,68.31,67.63,1.0,0.0,0.68,0.0
548,67.92,68.31,0.0,0.0,-0.39,-0.0
549,66.85,67.82,0.0,0.0,-0.97,-0.0
550,66.65,66.95,0.0,-1.0,-0.3,300.0
551,66.36,66.65,0.0,-1.0,-0.29,290.0
552,66.07,66.75,0.0,-1.0,-0.68,680.0
553,67.43,66.36,1.0,-1.0,1.07,-1070.0
554,68.12,67.63,1.0,-1.0,0.49,-490.0
555,68.51,68.12,1.0,0.0,0.39,0.0
556,68.31,68.51,0.0,-1.0,-0.2,200.0
557,69.48,69.29,1.0,-1.0,0.19,-190.0
558,68.7,69.19,0.0,-1.0,-0.49,490.0
559,68.7,68.7,0.0,-1.0,0.0,-0.0
560,68.9,68.31,1.0,-1.0,0.59,-590.0
561,69.29,68.41,1.0,-1.0,0.88,-880.0
562,68.02,67.82,1.0,-1.0,0.2,-200.0
563,68.02,68.31,0.0,-1.0,-0.29,290.0
564,69.0,68.31,1.0,-1.0,0.69,-690.0
565,69.29,68.31,1.0,-1.0,0.98,-980.0
566,69.29,68.41,1.0,-1.0,0.88,-880.0
567,68.9,68.8,1.0,0.0,0.1,0.0
568,68.12,67.43,1.0,-1.0,0.69,-690.0
569,67.14,67.53,0.0,-1.0,-0.39,390.0
570,66.36,66.75,0.0,-1.0,-0.39,390.0
571,65.68,66.36,0.0,0.0,-0.68,-0.0
572,64.41,65.48,0.0,0.0,-1.07,-0.0
573,64.8,64.02,1.0,0.0,0.78,0.0
574,63.53,64.99,0.0,0.0,-1.46,-0.0
575,64.41,64.31,1.0,-1.0,0.1,-100.0
576,65.09,65.38,0.0,-1.0,-0.29,290.0
577,66.36,66.36,0.0,-1.0,0.0,-0.0
578,67.04,66.56,1.0,-1.0,0.48,-480.0
579,69.97,67.14,1.0,-1.0,2.83,-2830.0
580,69.29,69.97,0.0,-1.0,-0.68,680.0
581,69.58,69.29,1.0,-1.0,0.29,-290.0
582,69.29,69.58,0.0,-1.0,-0.29,290.0
583,70.36,69.0,1.0,-1.0,1.36,-1360.0
584,70.36,70.36,0.0,-1.0,0.0,-0.0
585,70.56,70.36,1.0,-1.0,0.2,-200.0
586,69.78,69.87,0.0,-1.0,-0.09,90.0
587,67.34,68.31,0.0,-1.0,-0.97,970.0
588,66.85,66.85,0.0,0.0,0.0,0.0
589,70.26,68.12,1.0,-1.0,2.14,-2140.0
590,70.07,70.75,0.0,-1.0,-0.68,680.0
591,72.22,69.97,1.0,-1.0,2.25,-2250.0
592,72.7,72.12,1.0,-1.0,0.58,-580.0
593,71.43,73.19,0.0,-1.0,-1.76,1760.0
594,72.22,71.53,1.0,0.0,0.69,0.0
595,71.04,72.12,0.0,-1.0,-1.08,1080.0
596,72.8,71.83,1.0,0.0,0.97,0.0
597,73.68,72.8,1.0,-1.0,0.88,-880.0
598,74.17,73.68,1.0,-1.0,0.49,-490.0
599,74.36,74.17,1.0,-1.0,0.19,-190.0
600,74.56,74.66,0.0,-1.0,-0.1,100.0
601,74.66,74.46,1.0,-1.0,0.2,-200.0
602,74.66,74.75,0.0,-1.0,-0.09,90.0
603,75.14,74.26,1.0,-1.0,0.88,-880.0
604,75.34,74.56,1.0,-1.0,0.78,-780.0
605,74.66,75.24,0.0,-1.0,-0.58,580.0
606,75.44,75.05,1.0,-1.0,0.39,-390.0
607,75.63,75.44,1.0,-1.0,0.19,-190.0
608,76.61,75.92,1.0,-1.0,0.69,-690.0
609,76.12,76.61,0.0,-1.0,-0.49,490.0
610,76.41,76.7,0.0,-1.0,-0.29,290.0
611,75.92,76.7,0.0,-1.0,-0.78,780.0
612,75.53,75.73,0.0,0.0,-0.2,-0.0
613,75.24,75.53,0.0,0.0,-0.29,-0.0
614,75.14,74.95,1.0,-1.0,0.19,-190.0
615,74.85,74.56,1.0,-1.0,0.29,-290.0
616,76.22,76.31,0.0,-1.0,-0.09,90.0
617,76.02,76.41,0.0,0.0,-0.39,-0.0
618,75.63,76.02,0.0,0.0,-0.39,-0.0
619,74.26,76.61,0.0,0.0,-2.35,-0.0
620,74.17,74.66,0.0,0.0,-0.49,-0.0
621,74.07,73.68,1.0,-1.0,0.39,-390.0
622,73.19,74.56,0.0,-1.0,-1.37,1370.0
623,74.36,73.58,1.0,-1.0,0.78,-780.0
624,73.19,74.17,0.0,-1.0,-0.98,980.0
625,72.41,73.29,0.0,0.0,-0.88,-0.0
626,71.73,71.92,0.0,0.0,-0.19,-0.0
627,73.0,71.73,1.0,0.0,1.27,0.0
628,71.83,72.7,0.0,0.0,-0.87,-0.0
629,71.73,71.83,0.0,0.0,-0.1,-0.0
630,72.22,71.92,1.0,0.0,0.3,0.0
631,72.7,71.73,1.0,-1.0,0.97,-970.0
632,73.78,73.19,1.0,0.0,0.59,0.0
633,73.97,73.78,1.0,-1.0,0.19,-190.0
634,73.48,73.97,0.0,-1.0,-0.49,490.0
635,73.87,73.48,1.0,-1.0,0.39,-390.0
636,72.22,73.0,0.0,-1.0,-0.78,780.0
637,73.29,71.73,1.0,-1.0,1.56,-1560.0
638,73.09,72.7,1.0,-1.0,0.39,-390.0
639,73.09,73.09,0.0,-1.0,0.0,-0.0
640,74.07,73.78,1.0,-1.0,0.29,-290.0
641,72.7,73.39,0.0,-1.0,-0.69,690.0
642,73.0,73.19,0.0,0.0,-0.19,-0.0
643,73.78,73.39,1.0,-1.0,0.39,-390.0
644,73.78,74.17,0.0,-1.0,-0.39,390.0
645,74.17,73.78,1.0,-1.0,0.39,-390.0
646,74.66,74.36,1.0,-1.0,0.3,-300.0
647,75.83,75.05,1.0,0.0,0.78,0.0
648,76.02,75.63,1.0,-1.0,0.39,-390.0
649,75.14,76.02,0.0,-1.0,-0.88,880.0
650,76.12,75.24,1.0,-1.0,0.88,-880.0
651,75.83,76.12,0.0,-1.0,-0.29,290.0
652,75.24,75.14,1.0,-1.0,0.1,-100.0
653,76.61,75.73,1.0,-1.0,0.88,-880.0
654,76.7,76.61,1.0,-1.0,0.09,-90.0
655,77.19,76.8,1.0,-1.0,0.39,-390.0
656,78.56,77.58,1.0,-1.0,0.98,-980.0
657,78.85,78.66,1.0,-1.0,0.19,-190.0
658,78.85,78.66,1.0,-1.0,0.19,-190.0
659,78.56,78.85,0.0,-1.0,-0.29,290.0
660,77.0,79.05,0.0,-1.0,-2.05,2050.0
661,77.97,77.49,1.0,-1.0,0.48,-480.0
662,78.36,77.97,1.0,0.0,0.39,0.0
663,78.07,78.36,0.0,-1.0,-0.29,290.0
664,75.92,77.29,0.0,-1.0,-1.37,1370.0
665,76.7,76.9,0.0,0.0,-0.2,-0.0
666,76.41,77.19,0.0,0.0,-0.78,-0.0
667,76.7,76.41,1.0,-1.0,0.29,-290.0
668,76.61,76.31,1.0,-1.0,0.3,-300.0
669,75.83,76.61,0.0,-1.0,-0.78,780.0
670,75.92,75.83,1.0,-1.0,0.09,-90.0
671,76.61,76.22,1.0,-1.0,0.39,-390.0
672,77.19,76.9,1.0,-1.0,0.29,-290.0
673,76.8,77.19,0.0,0.0,-0.39,-0.0
674,73.29,75.63,0.0,-1.0,-2.34,2340.0
675,75.53,73.48,1.0,0.0,2.05,0.0
676,74.36,74.36,0.0,0.0,0.0,0.0
677,74.17,74.85,0.0,0.0,-0.68,-0.0
678,73.68,74.17,0.0,0.0,-0.49,-0.0
679,73.29,73.68,0.0,0.0,-0.39,-0.0
680,73.48,73.29,1.0,0.0,0.19,0.0
681,72.9,73.48,0.0,0.0,-0.58,-0.0
682,73.87,73.09,1.0,0.0,0.78,0.0
683,73.09,73.87,0.0,0.0,-0.78,-0.0
684,71.43,73.09,0.0,0.0,-1.66,-0.0
685,70.85,71.34,0.0,0.0,-0.49,-0.0
686,72.02,70.46,1.0,0.0,1.56,0.0
687,71.24,71.92,0.0,-1.0,-0.68,680.0
688,71.92,71.92,0.0,0.0,0.0,0.0
689,72.12,71.92,1.0,0.0,0.2,0.0
690,71.04,72.02,0.0,0.0,-0.98,-0.0
691,70.75,71.04,0.0,-1.0,-0.29,290.0
692,70.26,70.75,0.0,-1.0,-0.49,490.0
693,69.19,71.24,0.0,0.0,-2.05,-0.0
694,70.26,69.19,1.0,0.0,1.07,0.0
695,70.75,70.26,1.0,0.0,0.49,0.0
696,70.36,71.04,0.0,0.0,-0.68,-0.0
697,71.53,70.36,1.0,0.0,1.17,0.0
698,71.92,71.24,1.0,-1.0,0.68,-680.0
699,72.12,71.92,1.0,0.0,0.2,0.0
700,69.97,70.56,0.0,0.0,-0.59,-0.0
701,70.85,69.97,1.0,-1.0,0.88,-880.0
702,71.04,70.75,1.0,-1.0,0.29,-290.0
703,70.85,71.53,0.0,-1.0,-0.68,680.0
704,70.75,70.85,0.0,-1.0,-0.1,100.0
705,70.46,70.17,1.0,-1.0,0.29,-290.0
706,70.26,70.46,0.0,-1.0,-0.2,200.0
707,68.31,69.58,0.0,-1.0,-1.27,1270.0
708,68.12,68.31,0.0,0.0,-0.19,-0.0
709,68.31,69.29,0.0,-1.0,-0.98,980.0
710,68.8,69.0,0.0,-1.0,-0.2,200.0
711,72.3,69.6,1.0,-1.0,2.7,-2700.0
712,71.9,71.9,0.0,-1.0,0.0,-0.0
713,71.9,71.8,1.0,-1.0,0.1,-100.0
714,70.8,72.3,0.0,-1.0,-1.5,1500.0
715,71.3,70.5,1.0,0.0,0.8,0.0
716,71.3,71.0,1.0,0.0,0.3,0.0
717,71.1,71.0,1.0,-1.0,0.1,-100.0
718,71.0,71.5,0.0,-1.0,-0.5,500.0
719,69.9,70.4,0.0,-1.0,-0.5,500.0
720,69.6,69.8,0.0,-1.0,-0.2,200.0
721,70.0,69.2,1.0,-1.0,0.8,-800.0
722,69.6,69.2,1.0,-1.0,0.4,-400.0
723,70.0,69.1,1.0,-1.0,0.9,-900.0
724,69.8,69.4,1.0,-1.0,0.4,-400.0
725,69.5,70.6,0.0,-1.0,-1.1,1100.0
726,71.0,70.0,1.0,-1.0,1.0,-1000.0
727,71.5,71.2,1.0,-1.0,0.3,-300.0
728,71.3,71.2,1.0,-1.0,0.1,-100.0
729,70.6,70.5,1.0,-1.0,0.1,-100.0
730,68.9,70.6,0.0,0.0,-1.7,-0.0
731,68.7,69.0,0.0,-1.0,-0.3,300.0
732,68.5,69.2,0.0,-1.0,-0.7,700.0
733,68.5,68.5,0.0,0.0,0.0,0.0
734,68.5,68.9,0.0,-1.0,-0.4,400.0
735,67.9,68.5,0.0,0.0,-0.6,-0.0
736,68.0,67.9,1.0,0.0,0.1,0.0
737,66.3,67.0,0.0,0.0,-0.7,-0.0
738,66.0,66.3,0.0,0.0,-0.3,-0.0
739,62.0,66.0,0.0,0.0,-4.0,-0.0
740,63.6,62.0,1.0,-1.0,1.6,-1600.0
741,64.0,63.6,1.0,-1.0,0.4,-400.0
742,65.0,64.0,1.0,-1.0,1.0,-1000.0
743,68.5,65.9,1.0,-1.0,2.6,-2600.0
744,71.7,68.5,1.0,0.0,3.2,0.0
745,68.9,70.0,0.0,-1.0,-1.1,1100.0
746,68.9,68.2,1.0,-1.0,0.7,-700.0
747,68.3,69.2,0.0,-1.0,-0.9,900.0
748,68.3,67.6,1.0,-1.0,0.7,-700.0
749,68.4,68.3,1.0,-1.0,0.1,-100.0
750,68.0,68.0,0.0,-1.0,0.0,-0.0
751,70.0,69.3,1.0,0.0,0.7,0.0
752,69.7,69.8,0.0,-1.0,-0.1,100.0
753,70.2,69.3,1.0,-1.0,0.9,-900.0
754,70.4,69.9,1.0,-1.0,0.5,-500.0
755,70.4,70.0,1.0,-1.0,0.4,-400.0
756,70.4,70.5,0.0,-1.0,-0.1,100.0
757,71.9,70.6,1.0,-1.0,1.3,-1300.0
758,71.0,71.7,0.0,-1.0,-0.7,700.0
759,70.0,69.8,1.0,-1.0,0.2,-200.0
760,70.6,69.5,1.0,0.0,1.1,0.0
761,70.1,69.4,1.0,-1.0,0.7,-700.0
762,69.0,69.5,0.0,-1.0,-0.5,500.0
763,68.4,69.2,0.0,-1.0,-0.8,800.0
764,69.4,67.9,1.0,-1.0,1.5,-1500.0
765,70.5,68.5,1.0,0.0,2.0,0.0
766,70.8,71.4,0.0,-1.0,-0.6,600.0
767,70.6,70.8,0.0,-1.0,-0.2,200.0
768,72.0,70.6,1.0,-1.0,1.4,-1400.0
769,74.9,72.2,1.0,-1.0,2.7,-2700.0
770,75.6,74.9,1.0,-1.0,0.7,-700.0
771,77.9,76.0,1.0,-1.0,1.9,-1900.0
772,77.2,77.6,0.0,-1.0,-0.4,400.0
773,75.5,77.2,0.0,-1.0,-1.7,1700.0
774,76.1,76.8,0.0,0.0,-0.7,-0.0
775,75.4,76.2,0.0,-1.0,-0.8,800.0
776,77.0,76.1,1.0,0.0,0.9,0.0
777,76.8,77.4,0.0,-1.0,-0.6,600.0
778,76.1,77.0,0.0,-1.0,-0.9,900.0
779,75.1,75.6,0.0,0.0,-0.5,-0.0
780,77.0,76.8,1.0,0.0,0.2,0.0
781,78.5,77.5,1.0,-1.0,1.0,-1000.0
782,78.5,78.5,0.0,-1.0,0.0,-0.0
783,78.3,78.4,0.0,-1.0,-0.1,100.0
784,77.2,78.1,0.0,-1.0,-0.9,900.0
785,75.5,76.6,0.0,-1.0,-1.1,1100.0
786,76.5,75.0,1.0,0.0,1.5,0.0
787,77.9,76.9,1.0,-1.0,1.0,-1000.0
788,78.7,78.5,1.0,-1.0,0.2,-200.0
789,77.8,78.8,0.0,-1.0,-1.0,1000.0
790,75.7,77.2,0.0,-1.0,-1.5,1500.0
791,75.0,75.5,0.0,0.0,-0.5,-0.0
792,74.1,74.5,0.0,0.0,-0.4,-0.0
793,75.2,74.0,1.0,0.0,1.2,0.0
794,75.6,74.4,1.0,0.0,1.2,0.0
795,73.3,75.0,0.0,-1.0,-1.7,1700.0
796,72.9,73.3,0.0,0.0,-0.4,-0.0
797,74.0,73.9,1.0,0.0,0.1,0.0
798,73.0,74.8,0.0,-1.0,-1.8,1800.0
799,75.1,73.3,1.0,0.0,1.8,0.0
800,74.9,75.0,0.0,-1.0,-0.1,100.0
801,76.0,75.5,1.0,-1.0,0.5,-500.0
802,75.0,75.6,0.0,-1.0,-0.6,600.0
803,75.5,75.3,1.0,-1.0,0.2,-200.0
804,76.5,75.9,1.0,-1.0,0.6,-600.0
805,74.9,76.5,0.0,-1.0,-1.6,1600.0
806,73.7,73.8,0.0,0.0,-0.1,-0.0
807,75.6,74.4,1.0,-1.0,1.2,-1200.0
808,75.3,75.0,1.0,-1.0,0.3,-300.0
809,75.8,74.8,1.0,-1.0,1.0,-1000.0
810,74.8,74.9,0.0,-1.0,-0.1,100.0
811,74.5,75.3,0.0,-1.0,-0.8,800.0
812,72.9,74.2,0.0,-1.0,-1.3,1300.0
813,72.9,72.9,0.0,0.0,0.0,0.0
814,72.2,72.1,1.0,0.0,0.1,0.0
815,72.0,72.5,0.0,-1.0,-0.5,500.0
816,71.3,71.1,1.0,-1.0,0.2,-200.0
817,70.5,71.9,0.0,0.0,-1.4,-0.0
818,71.1,71.8,0.0,0.0,-0.7,-0.0
819,72.8,71.4,1.0,0.0,1.4,0.0
820,72.8,72.3,1.0,-1.0,0.5,-500.0
821,72.4,71.3,1.0,-1.0,1.1,-1100.0
822,73.0,72.5,1.0,0.0,0.5,0.0
823,72.8,73.2,0.0,-1.0,-0.4,400.0
824,73.4,73.5,0.0,0.0,-0.1,-0.0
825,73.1,73.8,0.0,-1.0,-0.7,700.0
826,74.0,73.5,1.0,-1.0,0.5,-500.0
827,72.9,73.5,0.0,0.0,-0.6,-0.0
828,73.5,73.3,1.0,0.0,0.2,0.0
829,77.0,73.0,1.0,0.0,4.0,0.0
830,72.4,74.1,0.0,-1.0,-1.7,1700.0
831,72.9,72.4,1.0,0.0,0.5,0.0
832,73.0,72.6,1.0,-1.0,0.4,-400.0
833,73.0,72.9,1.0,-1.0,0.1,-100.0
834,71.4,72.3,0.0,-1.0,-0.9,900.0
835,71.7,70.3,1.0,-1.0,1.4,-1400.0
836,72.9,72.6,1.0,-1.0,0.3,-300.0
837,74.9,73.2,1.0,-1.0,1.7,-1700.0
838,75.2,73.6,1.0,-1.0,1.6,-1600.0
839,75.5,74.9,1.0,-1.0,0.6,-600.0
840,75.5,74.1,1.0,-1.0,1.4,-1400.0
841,75.5,75.4,1.0,-1.0,0.1,-100.0
842,76.0,74.8,1.0,-1.0,1.2,-1200.0
843,73.9,76.1,0.0,-1.0,-2.2,2200.0
844,74.4,74.6,0.0,-1.0,-0.2,200.0
845,76.0,75.0,1.0,-1.0,1.0,-1000.0
846,75.4,74.2,1.0,-1.0,1.2,-1200.0
847,74.9,75.8,0.0,-1.0,-0.9,900.0
848,75.6,75.4,1.0,-1.0,0.2,-200.0
849,77.0,75.0,1.0,-1.0,2.0,-2000.0
850,76.5,77.4,0.0,-1.0,-0.9,900.0
851,76.2,76.5,0.0,-1.0,-0.3,300.0
852,76.5,75.9,1.0,-1.0,0.6,-600.0
853,75.3,75.7,0.0,-1.0,-0.4,400.0
854,75.8,74.4,1.0,0.0,1.4,0.0
855,76.4,76.0,1.0,-1.0,0.4,-400.0
856,76.8,76.5,1.0,0.0,0.3,0.0
857,77.7,77.0,1.0,0.0,0.7,0.0
858,78.1,77.7,1.0,0.0,0.4,0.0
859,77.8,78.2,0.0,-1.0,-0.4,400.0
860,77.4,78.0,0.0,-1.0,-0.6,600.0
861,77.0,77.4,0.0,0.0,-0.4,-0.0
862,78.2,77.7,1.0,0.0,0.5,0.0
863,79.0,78.6,1.0,-1.0,0.4,-400.0
864,79.5,78.2,1.0,-1.0,1.3,-1300.0
865,80.0,80.0,0.0,-1.0,0.0,-0.0
866,80.0,80.0,0.0,-1.0,0.0,-0.0
867,80.0,80.0,0.0,-1.0,0.0,-0.0
868,80.0,80.1,0.0,-1.0,-0.1,100.0
869,80.0,80.2,0.0,-1.0,-0.2,200.0
870,78.4,79.5,0.0,-1.0,-1.1,1100.0
871,79.0,78.5,1.0,0.0,0.5,0.0
872,79.0,78.8,1.0,-1.0,0.2,-200.0
873,78.8,79.3,0.0,-1.0,-0.5,500.0
874,78.5,78.7,0.0,-1.0,-0.2,200.0
875,77.9,79.0,0.0,0.0,-1.1,-0.0
876,79.0,78.9,1.0,-1.0,0.1,-100.0
877,80.5,79.4,1.0,0.0,1.1,0.0
878,79.9,80.5,0.0,-1.0,-0.6,600.0
879,79.6,79.5,1.0,-1.0,0.1,-100.0
880,79.9,79.6,1.0,0.0,0.3,0.0
881,80.2,80.1,1.0,0.0,0.1,0.0
882,79.2,80.2,0.0,-1.0,-1.0,1000.0
883,80.0,79.7,1.0,0.0,0.3,0.0
884,79.6,79.7,0.0,-1.0,-0.1,100.0
885,80.8,80.0,1.0,-1.0,0.8,-800.0
886,79.8,81.1,0.0,-1.0,-1.3,1300.0
887,79.5,79.0,1.0,-1.0,0.5,-500.0
888,77.7,78.5,0.0,-1.0,-0.8,800.0
889,78.3,77.6,1.0,-1.0,0.7,-700.0
890,78.9,77.5,1.0,-1.0,1.4,-1400.0
891,79.0,78.5,1.0,-1.0,0.5,-500.0
892,79.5,79.4,1.0,-1.0,0.1,-100.0
893,80.7,79.5,1.0,-1.0,1.2,-1200.0
894,81.4,81.2,1.0,-1.0,0.2,-200.0
895,82.0,81.5,1.0,-1.0,0.5,-500.0
896,81.2,81.7,0.0,-1.0,-0.5,500.0
897,81.6,81.5,1.0,-1.0,0.1,-100.0
898,80.8,82.2,0.0,-1.0,-1.4,1400.0
899,80.2,80.6,0.0,-1.0,-0.4,400.0
900,81.0,80.2,1.0,-1.0,0.8,-800.0
901,81.9,81.3,1.0,-1.0,0.6,-600.0
902,80.8,82.0,0.0,-1.0,-1.2,1200.0
903,81.7,81.0,1.0,-1.0,0.7,-700.0
904,81.5,82.0,0.0,-1.0,-0.5,500.0
905,80.3,80.9,0.0,-1.0,-0.6,600.0
906,79.0,80.4,0.0,-1.0,-1.4,1400.0
907,77.6,79.8,0.0,-1.0,-2.2,2200.0
908,77.2,77.3,0.0,0.0,-0.1,-0.0
909,77.8,76.6,1.0,0.0,1.2,0.0
910,77.6,77.4,1.0,0.0,0.2,0.0
911,77.1,77.3,0.0,0.0,-0.2,-0.0
912,77.0,77.2,0.0,0.0,-0.2,-0.0
913,77.1,77.0,1.0,0.0,0.1,0.0
914,76.5,77.1,0.0,0.0,-0.6,-0.0
915,77.2,76.5,1.0,0.0,0.7,0.0
916,77.1,77.2,0.0,-1.0,-0.1,100.0
917,77.7,77.1,1.0,-1.0,0.6,-600.0
918,75.9,77.1,0.0,0.0,-1.2,-0.0
919,76.3,76.2,1.0,0.0,0.1,0.0
920,77.0,75.7,1.0,-1.0,1.3,-1300.0
921,78.3,77.1,1.0,0.0,1.2,0.0
922,79.0,79.0,0.0,0.0,0.0,0.0
