,Close,Open,test,prediction,Cl - Op,profit
0,76.25,75.98,0.0,-1.0,0.27,-270.0
1,75.61,75.88,1.0,-1.0,-0.27,270.0
2,76.53,76.44,0.0,1.0,0.09,90.0
3,75.98,75.88,1.0,-1.0,0.1,-100.0
4,76.25,76.16,1.0,-1.0,0.09,-90.0
5,76.25,75.88,1.0,-1.0,0.37,-370.0
6,76.81,75.98,1.0,-1.0,0.83,-830.0
7,77.36,76.99,1.0,-1.0,0.37,-370.0
8,77.45,77.45,1.0,-1.0,0.0,-0.0
9,75.61,76.53,0.0,-1.0,-0.92,920.0
10,74.78,76.34,0.0,-1.0,-1.56,1560.0
11,77.27,76.53,0.0,1.0,0.74,740.0
12,76.99,76.81,1.0,1.0,0.18,180.0
13,77.82,77.64,1.0,-1.0,0.18,-180.0
14,77.91,77.91,1.0,-1.0,0.0,-0.0
15,78.37,77.91,0.0,-1.0,0.46,-460.0
16,79.76,78.93,1.0,-1.0,0.83,-830.0
17,79.76,80.12,1.0,-1.0,-0.36,360.0
18,79.02,79.76,0.0,-1.0,-0.74,740.0
19,79.29,79.2,0.0,-1.0,0.09,-90.0
20,78.65,79.29,1.0,-1.0,-0.64,640.0
21,79.02,79.29,0.0,-1.0,-0.27,270.0
22,79.39,79.02,0.0,1.0,0.37,370.0
23,79.2,79.11,1.0,-1.0,0.09,-90.0
24,79.66,78.74,1.0,-1.0,0.92,-920.0
25,80.77,80.03,1.0,-1.0,0.74,-740.0
26,82.8,81.69,1.0,-1.0,1.11,-1110.0
27,81.97,82.25,1.0,-1.0,-0.28,280.0
28,82.61,82.25,0.0,-1.0,0.36,-360.0
29,82.8,82.61,1.0,-1.0,0.19,-190.0
30,83.54,82.89,1.0,-1.0,0.65,-650.0
31,83.9,83.9,1.0,-1.0,0.0,-0.0
32,82.15,83.9,0.0,-1.0,-1.75,1750.0
33,80.31,80.4,0.0,-1.0,-0.09,90.0
34,78.83,78.46,0.0,1.0,0.37,370.0
35,79.57,78.93,1.0,1.0,0.64,640.0
36,79.66,79.39,1.0,-1.0,0.27,-270.0
37,80.68,79.94,1.0,1.0,0.74,740.0
38,80.59,80.95,1.0,-1.0,-0.36,360.0
39,81.23,80.22,0.0,-1.0,1.01,-1010.0
40,79.94,79.48,1.0,-1.0,0.46,-460.0
41,79.29,79.57,1.0,1.0,-0.28,-280.0
42,79.02,79.2,0.0,1.0,-0.18,-180.0
43,78.74,78.46,0.0,1.0,0.28,280.0
44,78.19,78.74,1.0,1.0,-0.55,-550.0
45,80.49,79.76,0.0,-1.0,0.73,-730.0
46,81.23,81.42,1.0,-1.0,-0.19,190.0
47,81.14,81.88,0.0,-1.0,-0.74,740.0
48,81.78,81.14,0.0,-1.0,0.64,-640.0
49,82.25,81.69,1.0,-1.0,0.56,-560.0
50,82.89,82.98,1.0,-1.0,-0.09,90.0
51,83.26,82.89,0.0,-1.0,0.37,-370.0
52,83.35,83.54,1.0,-1.0,-0.19,190.0
53,83.9,83.44,0.0,-1.0,0.46,-460.0
54,83.44,83.72,1.0,-1.0,-0.28,280.0
55,83.72,83.26,0.0,-1.0,0.46,-460.0
56,84.18,83.9,1.0,-1.0,0.28,-280.0
57,83.26,83.9,1.0,-1.0,-0.64,640.0
58,83.44,82.98,0.0,-1.0,0.46,-460.0
59,83.17,82.89,1.0,1.0,0.28,280.0
60,83.17,82.25,1.0,1.0,0.92,920.0
61,82.98,82.71,1.0,1.0,0.27,270.0
62,83.35,82.98,1.0,-1.0,0.37,-370.0
63,83.44,83.26,1.0,1.0,0.18,180.0
64,84.18,83.26,1.0,-1.0,0.92,-920.0
65,88.05,84.46,1.0,-1.0,3.59,-3590.0
66,87.87,88.05,1.0,-1.0,-0.18,180.0
67,88.79,87.22,0.0,1.0,1.57,1570.0
68,88.42,88.33,1.0,-1.0,0.09,-90.0
69,88.98,88.52,1.0,-1.0,0.46,-460.0
70,91.0,88.52,1.0,-1.0,2.48,-2480.0
71,90.27,90.64,1.0,1.0,-0.37,-370.0
72,89.07,89.34,0.0,-1.0,-0.27,270.0
73,89.34,87.22,0.0,-1.0,2.12,-2120.0
74,89.07,89.07,1.0,-1.0,0.0,-0.0
75,90.45,89.53,0.0,1.0,0.92,920.0
76,88.98,90.27,1.0,-1.0,-1.29,1290.0
77,90.64,89.71,0.0,-1.0,0.93,-930.0
78,90.73,90.64,1.0,-1.0,0.09,-90.0
79,91.47,90.64,1.0,-1.0,0.83,-830.0
80,90.73,90.54,1.0,-1.0,0.19,-190.0
81,89.44,88.88,1.0,-1.0,0.56,-560.0
82,89.16,87.59,1.0,-1.0,1.57,-1570.0
83,89.71,89.16,1.0,-1.0,0.55,-550.0
84,88.52,88.61,1.0,-1.0,-0.09,90.0
85,87.41,87.69,0.0,-1.0,-0.28,280.0
86,88.24,88.24,0.0,-1.0,0.0,-0.0
87,87.78,88.52,0.0,-1.0,-0.74,740.0
88,88.98,88.52,0.0,-1.0,0.46,-460.0
89,88.52,88.98,1.0,-1.0,-0.46,460.0
90,88.15,88.7,0.0,-1.0,-0.55,550.0
91,89.44,89.25,0.0,-1.0,0.19,-190.0
92,91.83,89.99,1.0,-1.0,1.84,-1840.0
93,93.13,92.66,1.0,1.0,0.47,470.0
94,93.59,92.66,1.0,-1.0,0.93,-930.0
95,92.66,93.13,1.0,-1.0,-0.47,470.0
96,91.93,91.83,0.0,-1.0,0.1,-100.0
97,92.2,92.66,1.0,-1.0,-0.46,460.0
98,93.13,92.11,0.0,-1.0,1.02,-1020.0
99,93.13,93.59,1.0,1.0,-0.46,-460.0
100,94.05,93.13,0.0,-1.0,0.92,-920.0
101,92.66,94.05,1.0,1.0,-1.39,-1390.0
102,91.47,92.66,0.0,1.0,-1.19,-1190.0
103,91.56,92.66,0.0,-1.0,-1.1,1100.0
104,93.59,93.59,0.0,-1.0,0.0,-0.0
105,92.66,93.13,0.0,1.0,-0.47,-470.0
106,93.13,93.13,0.0,1.0,0.0,0.0
107,93.13,93.59,0.0,1.0,-0.46,-460.0
108,92.11,92.2,0.0,1.0,-0.09,-90.0
109,91.28,92.11,0.0,1.0,-0.83,-830.0
110,91.56,91.0,0.0,-1.0,0.56,-560.0
111,93.13,92.2,1.0,-1.0,0.93,-930.0
112,93.59,94.05,1.0,-1.0,-0.46,460.0
113,93.59,92.66,0.0,1.0,0.93,930.0
114,93.59,93.59,1.0,-1.0,0.0,-0.0
115,94.97,94.05,0.0,1.0,0.92,920.0
116,94.97,94.97,1.0,-1.0,0.0,-0.0
117,96.81,95.43,0.0,-1.0,1.38,-1380.0
118,98.66,98.66,1.0,-1.0,0.0,-0.0
119,98.66,100.04,0.0,-1.0,-1.38,1380.0
120,100.5,100.04,0.0,-1.0,0.46,-460.0
121,98.66,100.04,1.0,-1.0,-1.38,1380.0
122,97.27,97.74,0.0,-1.0,-0.47,470.0
123,98.66,98.2,0.0,-1.0,0.46,-460.0
124,96.81,98.2,1.0,-1.0,-1.39,1390.0
125,95.43,95.43,0.0,1.0,0.0,0.0
126,96.35,94.05,0.0,-1.0,2.3,-2300.0
127,96.81,94.97,1.0,1.0,1.84,1840.0
128,94.05,96.35,1.0,1.0,-2.3,-2300.0
129,95.89,95.43,0.0,-1.0,0.46,-460.0
130,95.89,95.89,1.0,1.0,0.0,0.0
131,94.97,95.43,0.0,1.0,-0.46,-460.0
132,95.43,94.97,0.0,-1.0,0.46,-460.0
133,94.05,94.05,1.0,-1.0,0.0,-0.0
134,94.51,94.05,0.0,-1.0,0.46,-460.0
135,96.35,94.51,1.0,1.0,1.84,1840.0
136,95.89,95.89,1.0,-1.0,0.0,-0.0
137,94.97,96.81,0.0,1.0,-1.84,-1840.0
138,92.66,94.05,0.0,-1.0,-1.39,1390.0
139,92.2,93.13,0.0,-1.0,-0.93,930.0
140,91.1,91.74,0.0,-1.0,-0.64,640.0
141,91.0,91.1,0.0,1.0,-0.1,-100.0
142,90.36,90.91,0.0,-1.0,-0.55,550.0
143,91.74,92.11,0.0,-1.0,-0.37,370.0
144,91.28,91.47,0.0,-1.0,-0.19,190.0
145,92.66,91.28,0.0,-1.0,1.38,-1380.0
146,92.2,92.2,1.0,-1.0,0.0,-0.0
147,92.66,92.2,0.0,-1.0,0.46,-460.0
148,93.13,93.13,1.0,-1.0,0.0,-0.0
149,92.66,92.66,0.0,-1.0,0.0,-0.0
150,92.66,93.59,0.0,-1.0,-0.93,930.0
151,90.82,91.28,0.0,-1.0,-0.46,460.0
152,89.9,90.36,0.0,1.0,-0.46,-460.0
153,90.64,91.1,0.0,-1.0,-0.46,460.0
154,93.59,91.28,0.0,-1.0,2.31,-2310.0
155,92.66,93.59,1.0,-1.0,-0.93,930.0
156,91.65,92.66,0.0,-1.0,-1.01,1010.0
157,92.66,90.54,0.0,-1.0,2.12,-2120.0
158,92.2,93.59,1.0,-1.0,-1.39,1390.0
159,92.11,92.2,0.0,-1.0,-0.09,90.0
160,98.2,97.27,0.0,-1.0,0.93,-930.0
161,100.04,100.04,1.0,-1.0,0.0,-0.0
162,97.74,98.2,0.0,-1.0,-0.46,460.0
163,97.74,98.2,0.0,-1.0,-0.46,460.0
164,98.66,97.74,0.0,-1.0,0.92,-920.0
165,100.04,98.66,1.0,-1.0,1.38,-1380.0
166,99.58,100.04,1.0,-1.0,-0.46,460.0
167,100.96,100.04,0.0,-1.0,0.92,-920.0
168,101.88,101.42,1.0,-1.0,0.46,-460.0
169,101.42,102.81,1.0,-1.0,-1.39,1390.0
170,102.81,102.81,0.0,-1.0,0.0,-0.0
171,103.73,103.27,0.0,-1.0,0.46,-460.0
172,105.57,103.73,1.0,-1.0,1.84,-1840.0
173,106.03,106.96,1.0,-1.0,-0.93,930.0
174,105.57,106.03,0.0,-1.0,-0.46,460.0
175,105.57,106.03,0.0,-1.0,-0.46,460.0
176,106.49,106.49,0.0,-1.0,0.0,-0.0
177,106.03,106.03,0.0,-1.0,0.0,-0.0
178,104.65,106.03,0.0,-1.0,-1.38,1380.0
179,104.65,103.27,0.0,-1.0,1.38,-1380.0
180,105.11,103.73,1.0,-1.0,1.38,-1380.0
181,103.73,104.19,1.0,-1.0,-0.46,460.0
182,103.27,103.73,0.0,-1.0,-0.46,460.0
183,99.58,101.88,0.0,-1.0,-2.3,2300.0
184,100.96,100.96,0.0,-1.0,0.0,-0.0
185,103.27,100.96,0.0,-1.0,2.31,-2310.0
186,100.96,103.27,1.0,-1.0,-2.31,2310.0
187,102.35,101.88,0.0,-1.0,0.47,-470.0
188,101.42,102.35,1.0,-1.0,-0.93,930.0
189,100.96,102.81,0.0,-1.0,-1.85,1850.0
190,99.12,99.58,0.0,-1.0,-0.46,460.0
191,100.5,100.5,0.0,-1.0,0.0,-0.0
192,100.96,100.96,0.0,-1.0,0.0,-0.0
193,99.12,100.04,0.0,-1.0,-0.92,920.0
194,100.04,99.58,0.0,-1.0,0.46,-460.0
195,100.04,101.42,1.0,1.0,-1.38,-1380.0
196,99.58,101.42,0.0,-1.0,-1.84,1840.0
197,96.35,97.74,0.0,-1.0,-1.39,1390.0
198,97.74,96.81,0.0,1.0,0.93,930.0
199,97.74,97.27,1.0,-1.0,0.47,-470.0
200,98.2,96.81,1.0,-1.0,1.39,-1390.0
201,97.27,97.74,1.0,-1.0,-0.47,470.0
202,95.89,96.81,0.0,-1.0,-0.92,920.0
203,95.43,94.05,0.0,-1.0,1.38,-1380.0
204,93.13,94.51,1.0,-1.0,-1.38,1380.0
205,93.13,93.13,0.0,-1.0,0.0,-0.0
206,93.59,94.97,0.0,-1.0,-1.38,1380.0
207,96.35,94.97,0.0,-1.0,1.38,-1380.0
208,102.35,97.74,1.0,1.0,4.61,4610.0
209,99.58,100.5,1.0,-1.0,-0.92,920.0
210,101.42,100.5,0.0,-1.0,0.92,-920.0
211,101.42,101.42,1.0,-1.0,0.0,-0.0
212,101.42,100.95,0.0,-1.0,0.47,-470.0
213,103.32,101.9,1.0,-1.0,1.42,-1420.0
214,99.53,101.42,1.0,1.0,-1.89,-1890.0
215,100.48,99.05,0.0,-1.0,1.43,-1430.0
216,100.48,99.05,1.0,-1.0,1.43,-1430.0
217,103.79,101.9,1.0,-1.0,1.89,-1890.0
218,104.27,103.79,1.0,-1.0,0.48,-480.0
219,103.79,102.84,1.0,-1.0,0.95,-950.0
220,102.37,102.84,1.0,-1.0,-0.47,470.0
221,103.32,102.37,0.0,1.0,0.95,950.0
222,100.0,101.9,1.0,-1.0,-1.9,1900.0
223,93.08,94.22,0.0,-1.0,-1.14,1140.0
224,91.94,92.89,0.0,-1.0,-0.95,950.0
225,94.79,93.37,0.0,1.0,1.42,1420.0
226,96.68,95.26,1.0,-1.0,1.42,-1420.0
227,97.16,96.68,1.0,-1.0,0.48,-480.0
228,97.16,97.63,1.0,-1.0,-0.47,470.0
229,94.79,94.79,0.0,-1.0,0.0,-0.0
230,96.68,95.26,0.0,-1.0,1.42,-1420.0
231,97.16,96.21,1.0,-1.0,0.95,-950.0
232,95.26,96.68,1.0,-1.0,-1.42,1420.0
233,95.26,97.16,0.0,-1.0,-1.9,1900.0
234,95.26,94.79,0.0,1.0,0.47,470.0
235,93.65,95.26,1.0,1.0,-1.61,-1610.0
236,91.94,93.37,0.0,-1.0,-1.43,1430.0
237,91.38,91.0,0.0,-1.0,0.38,-380.0
238,91.38,94.79,1.0,-1.0,-3.41,3410.0
239,91.0,91.38,0.0,-1.0,-0.38,380.0
240,92.13,91.0,0.0,1.0,1.13,1130.0
241,91.75,91.0,1.0,-1.0,0.75,-750.0
242,91.0,91.38,1.0,-1.0,-0.38,380.0
243,91.47,90.43,0.0,-1.0,1.04,-1040.0
244,90.52,90.52,1.0,-1.0,0.0,-0.0
245,89.48,90.24,0.0,1.0,-0.76,-760.0
246,89.57,88.15,0.0,-1.0,1.42,-1420.0
247,91.94,90.71,1.0,1.0,1.23,1230.0
248,91.75,92.51,1.0,1.0,-0.76,-760.0
249,90.62,91.0,0.0,-1.0,-0.38,380.0
250,91.75,90.62,0.0,-1.0,1.13,-1130.0
251,93.56,91.85,1.0,-1.0,1.71,-1710.0
252,95.26,94.41,1.0,-1.0,0.85,-850.0
253,96.68,94.79,1.0,-1.0,1.89,-1890.0
254,96.68,97.63,1.0,-1.0,-0.95,950.0
255,95.26,95.26,0.0,-1.0,0.0,-0.0
256,96.21,95.26,0.0,-1.0,0.95,-950.0
257,96.68,96.68,1.0,-1.0,0.0,-0.0
258,97.63,97.16,0.0,-1.0,0.47,-470.0
259,99.05,97.63,1.0,-1.0,1.42,-1420.0
260,99.05,97.63,1.0,-1.0,1.42,-1420.0
261,98.11,97.63,1.0,-1.0,0.48,-480.0
262,97.16,97.16,1.0,-1.0,0.0,-0.0
263,97.16,97.16,0.0,-1.0,0.0,-0.0
264,100.0,98.58,0.0,-1.0,1.42,-1420.0
265,100.0,100.0,1.0,-1.0,0.0,-0.0
266,97.63,99.53,0.0,-1.0,-1.9,1900.0
267,100.0,97.63,0.0,-1.0,2.37,-2370.0
268,99.53,99.53,1.0,-1.0,0.0,-0.0
269,97.63,99.05,0.0,-1.0,-1.42,1420.0
270,96.21,98.11,0.0,-1.0,-1.9,1900.0
271,97.63,98.11,0.0,-1.0,-0.48,480.0
272,95.26,95.26,0.0,-1.0,0.0,-0.0
273,96.21,95.26,0.0,-1.0,0.95,-950.0
274,97.63,98.11,1.0,-1.0,-0.48,480.0
275,99.53,98.11,0.0,-1.0,1.42,-1420.0
276,98.58,99.05,1.0,-1.0,-0.47,470.0
277,97.63,98.11,0.0,-1.0,-0.48,480.0
278,99.53,98.11,0.0,-1.0,1.42,-1420.0
279,99.53,98.58,1.0,-1.0,0.95,-950.0
280,100.95,99.53,1.0,-1.0,1.42,-1420.0
281,99.53,100.95,1.0,-1.0,-1.42,1420.0
282,101.42,100.95,0.0,-1.0,0.47,-470.0
283,100.48,102.37,1.0,-1.0,-1.89,1890.0
284,101.42,101.9,0.0,-1.0,-0.48,480.0
285,104.27,102.84,0.0,-1.0,1.43,-1430.0
286,104.27,105.21,1.0,-1.0,-0.94,940.0
287,105.69,104.27,0.0,-1.0,1.42,-1420.0
288,105.21,105.21,1.0,-1.0,0.0,-0.0
289,104.27,103.32,0.0,-1.0,0.95,-950.0
290,101.42,102.84,1.0,-1.0,-1.42,1420.0
291,103.79,102.37,0.0,-1.0,1.42,-1420.0
292,103.79,102.84,1.0,1.0,0.95,950.0
293,104.27,103.32,1.0,1.0,0.95,950.0
294,103.79,102.84,1.0,-1.0,0.95,-950.0
295,103.79,104.74,1.0,-1.0,-0.95,950.0
296,103.32,102.37,0.0,1.0,0.95,950.0
297,100.95,102.84,1.0,-1.0,-1.89,1890.0
298,101.42,100.95,0.0,-1.0,0.47,-470.0
299,101.42,101.42,1.0,-1.0,0.0,-0.0
300,100.48,99.53,0.0,-1.0,0.95,-950.0
301,99.05,99.53,1.0,-1.0,-0.48,480.0
302,99.53,100.48,0.0,-1.0,-0.95,950.0
303,97.63,99.53,0.0,-1.0,-1.9,1900.0
304,98.11,98.58,0.0,-1.0,-0.47,470.0
305,98.58,98.11,0.0,1.0,0.47,470.0
306,98.58,99.05,1.0,1.0,-0.47,-470.0
307,99.53,99.05,0.0,-1.0,0.48,-480.0
308,97.63,98.58,1.0,-1.0,-0.95,950.0
309,95.74,96.68,0.0,-1.0,-0.94,940.0
310,94.79,94.79,0.0,1.0,0.0,0.0
311,95.74,95.74,0.0,1.0,0.0,0.0
312,98.11,96.68,0.0,1.0,1.43,1430.0
313,99.53,99.53,1.0,1.0,0.0,0.0
314,99.53,99.53,0.0,-1.0,0.0,-0.0
315,99.53,99.05,0.0,-1.0,0.48,-480.0
316,99.05,99.53,1.0,-1.0,-0.48,480.0
317,98.58,98.58,0.0,-1.0,0.0,-0.0
318,99.53,98.11,0.0,-1.0,1.42,-1420.0
319,98.58,99.53,1.0,1.0,-0.95,-950.0
320,97.63,97.63,0.0,1.0,0.0,0.0
321,99.53,98.58,0.0,-1.0,0.95,-950.0
322,98.58,99.05,1.0,-1.0,-0.47,470.0
323,99.53,98.11,0.0,-1.0,1.42,-1420.0
324,97.63,99.05,1.0,-1.0,-1.42,1420.0
325,97.16,97.16,0.0,-1.0,0.0,-0.0
326,96.68,97.16,0.0,-1.0,-0.48,480.0
327,98.11,97.63,0.0,1.0,0.48,480.0
328,95.74,97.16,1.0,-1.0,-1.42,1420.0
329,97.16,96.68,0.0,-1.0,0.48,-480.0
330,96.68,96.21,1.0,-1.0,0.47,-470.0
331,98.58,97.63,1.0,-1.0,0.95,-950.0
332,97.63,98.58,1.0,-1.0,-0.95,950.0
333,97.63,97.16,0.0,1.0,0.47,470.0
334,98.58,97.63,1.0,-1.0,0.95,-950.0
335,99.05,98.11,1.0,-1.0,0.94,-940.0
336,100.48,98.58,1.0,-1.0,1.9,-1900.0
337,100.0,100.0,1.0,-1.0,0.0,-0.0
338,99.05,99.53,0.0,-1.0,-0.48,480.0
339,97.16,97.63,0.0,-1.0,-0.47,470.0
340,97.16,96.68,0.0,-1.0,0.48,-480.0
341,96.68,97.16,1.0,-1.0,-0.48,480.0
342,98.58,97.63,0.0,-1.0,0.95,-950.0
343,95.74,97.16,1.0,-1.0,-1.42,1420.0
344,96.68,96.68,0.0,-1.0,0.0,-0.0
345,97.63,97.63,0.0,-1.0,0.0,-0.0
346,98.11,97.16,0.0,-1.0,0.95,-950.0
347,99.53,98.58,1.0,-1.0,0.95,-950.0
348,101.42,100.48,1.0,-1.0,0.94,-940.0
349,101.9,102.37,1.0,-1.0,-0.47,470.0
350,101.9,101.42,0.0,-1.0,0.48,-480.0
351,100.95,102.84,1.0,-1.0,-1.89,1890.0
352,101.9,100.48,0.0,-1.0,1.42,-1420.0
353,101.9,102.84,1.0,-1.0,-0.94,940.0
354,102.37,101.42,0.0,1.0,0.95,950.0
355,99.53,100.48,1.0,-1.0,-0.95,950.0
356,95.26,96.68,0.0,-1.0,-1.42,1420.0
357,96.68,95.74,0.0,1.0,0.94,940.0
358,98.58,98.11,1.0,1.0,0.47,470.0
359,97.63,98.58,1.0,1.0,-0.95,-950.0
360,99.05,99.05,0.0,1.0,0.0,0.0
361,99.53,99.53,0.0,-1.0,0.0,-0.0
362,99.53,99.53,0.0,-1.0,0.0,-0.0
363,101.9,100.95,0.0,1.0,0.95,950.0
364,102.84,102.37,1.0,1.0,0.47,470.0
365,102.37,102.84,1.0,-1.0,-0.47,470.0
366,102.37,102.37,0.0,-1.0,0.0,-0.0
367,100.95,100.95,0.0,-1.0,0.0,-0.0
368,101.9,101.42,0.0,-1.0,0.48,-480.0
369,101.42,101.9,1.0,1.0,-0.48,-480.0
370,102.37,101.9,0.0,-1.0,0.47,-470.0
371,101.9,101.9,1.0,1.0,0.0,0.0
372,102.37,101.9,0.0,-1.0,0.47,-470.0
373,102.37,102.37,1.0,-1.0,0.0,-0.0
374,101.9,102.37,0.0,1.0,-0.47,-470.0
375,104.27,102.84,0.0,-1.0,1.43,-1430.0
376,107.11,104.27,1.0,-1.0,2.84,-2840.0
377,108.53,108.06,1.0,-1.0,0.47,-470.0
378,107.11,108.53,1.0,-1.0,-1.42,1420.0
379,108.06,107.58,0.0,-1.0,0.48,-480.0
380,107.11,106.64,1.0,1.0,0.47,470.0
381,110.43,110.43,1.0,1.0,0.0,0.0
382,109.01,109.01,0.0,-1.0,0.0,-0.0
383,108.06,108.53,0.0,-1.0,-0.47,470.0
384,108.53,108.53,0.0,-1.0,0.0,-0.0
385,108.53,108.53,0.0,-1.0,0.0,-0.0
386,106.16,107.11,0.0,-1.0,-0.95,950.0
387,106.64,108.06,0.0,-1.0,-1.42,1420.0
388,106.64,105.69,0.0,-1.0,0.95,-950.0
389,107.58,105.69,1.0,-1.0,1.89,-1890.0
390,109.48,109.48,1.0,1.0,0.0,0.0
391,109.95,108.53,0.0,1.0,1.42,1420.0
392,111.38,109.95,1.0,-1.0,1.43,-1430.0
393,112.32,111.85,1.0,-1.0,0.47,-470.0
394,113.27,112.8,1.0,-1.0,0.47,-470.0
395,113.75,114.22,1.0,-1.0,-0.47,470.0
396,112.32,112.32,0.0,-1.0,0.0,-0.0
397,111.38,111.38,0.0,-1.0,0.0,-0.0
398,112.8,110.9,0.0,1.0,1.9,1900.0
399,112.8,113.27,1.0,-1.0,-0.47,470.0
400,113.27,112.8,0.0,-1.0,0.47,-470.0
401,113.75,112.32,1.0,-1.0,1.43,-1430.0
402,114.22,113.75,1.0,-1.0,0.47,-470.0
403,116.12,115.17,1.0,-1.0,0.95,-950.0
404,114.69,115.17,1.0,-1.0,-0.48,480.0
405,113.75,114.22,0.0,-1.0,-0.47,470.0
406,116.59,116.12,0.0,-1.0,0.47,-470.0
407,115.17,115.64,1.0,-1.0,-0.47,470.0
408,115.17,114.69,0.0,-1.0,0.48,-480.0
409,114.69,116.59,1.0,-1.0,-1.9,1900.0
410,114.69,114.69,0.0,-1.0,0.0,-0.0
411,112.32,114.69,0.0,-1.0,-2.37,2370.0
412,112.8,112.32,0.0,-1.0,0.48,-480.0
413,114.22,114.22,1.0,-1.0,0.0,-0.0
414,112.32,113.75,0.0,-1.0,-1.43,1430.0
415,111.85,112.8,0.0,-1.0,-0.95,950.0
416,110.9,111.38,0.0,-1.0,-0.48,480.0
417,111.85,110.9,0.0,-1.0,0.95,-950.0
418,112.32,111.85,1.0,-1.0,0.47,-470.0
419,113.27,113.27,1.0,-1.0,0.0,-0.0
420,113.75,113.75,0.0,-1.0,0.0,-0.0
421,112.32,113.27,0.0,-1.0,-0.95,950.0
422,114.22,113.75,0.0,-1.0,0.47,-470.0
423,115.64,114.69,1.0,-1.0,0.95,-950.0
424,115.64,114.69,1.0,1.0,0.95,950.0
425,115.64,115.64,1.0,1.0,0.0,0.0
426,114.69,115.64,0.0,-1.0,-0.95,950.0
427,114.69,115.64,0.0,-1.0,-0.95,950.0
428,114.22,115.64,0.0,1.0,-1.42,-1420.0
429,115.64,115.17,0.0,1.0,0.47,470.0
430,115.64,114.69,1.0,1.0,0.95,950.0
431,116.59,116.59,1.0,-1.0,0.0,-0.0
432,117.06,116.12,0.0,-1.0,0.94,-940.0
433,117.54,117.54,1.0,-1.0,0.0,-0.0
434,115.64,117.06,0.0,-1.0,-1.42,1420.0
435,113.27,115.64,0.0,-1.0,-2.37,2370.0
436,116.12,113.75,0.0,1.0,2.37,2370.0
437,117.06,117.06,1.0,-1.0,0.0,-0.0
438,116.59,116.59,0.0,-1.0,0.0,-0.0
439,116.12,117.06,0.0,-1.0,-0.94,940.0
440,116.59,116.12,0.0,1.0,0.47,470.0
441,118.01,116.59,1.0,-1.0,1.42,-1420.0
442,118.48,117.54,1.0,-1.0,0.94,-940.0
443,117.06,117.54,1.0,-1.0,-0.48,480.0
444,116.59,116.59,0.0,-1.0,0.0,-0.0
445,117.54,116.12,0.0,-1.0,1.42,-1420.0
446,118.48,117.54,1.0,-1.0,0.94,-940.0
447,118.96,118.48,1.0,-1.0,0.48,-480.0
448,119.43,118.01,1.0,-1.0,1.42,-1420.0
449,118.01,119.91,1.0,-1.0,-1.9,1900.0
450,116.59,118.48,0.0,-1.0,-1.89,1890.0
451,116.59,116.59,0.0,1.0,0.0,0.0
452,117.06,116.59,0.0,-1.0,0.47,-470.0
453,118.01,118.01,1.0,-1.0,0.0,-0.0
454,118.96,118.48,0.0,-1.0,0.48,-480.0
455,119.91,119.43,1.0,-1.0,0.48,-480.0
456,121.33,119.91,1.0,-1.0,1.42,-1420.0
457,125.59,122.75,1.0,-1.0,2.84,-2840.0
458,127.49,124.65,1.0,1.0,2.84,2840.0
459,127.96,126.54,1.0,1.0,1.42,1420.0
460,128.91,127.49,1.0,-1.0,1.42,-1420.0
461,127.49,128.44,1.0,-1.0,-0.95,950.0
462,127.02,126.54,0.0,-1.0,0.48,-480.0
463,127.49,127.49,1.0,1.0,0.0,0.0
464,129.39,128.91,0.0,1.0,0.48,480.0
465,128.42,130.35,1.0,-1.0,-1.93,1930.0
466,128.9,128.9,0.0,-1.0,0.0,-0.0
467,126.48,128.9,0.0,-1.0,-2.42,2420.0
468,120.66,121.15,0.0,-1.0,-0.49,490.0
469,119.69,117.76,0.0,1.0,1.93,1930.0
470,119.69,120.18,1.0,1.0,-0.49,-490.0
471,120.66,119.69,0.0,-1.0,0.97,-970.0
472,121.15,120.66,1.0,1.0,0.49,490.0
473,119.21,120.66,1.0,-1.0,-1.45,1450.0
474,117.76,118.24,0.0,-1.0,-0.48,480.0
475,120.18,118.72,0.0,-1.0,1.46,-1460.0
476,120.66,119.69,1.0,1.0,0.97,970.0
477,117.27,120.18,1.0,1.0,-2.91,-2910.0
478,116.3,116.3,0.0,1.0,0.0,0.0
479,119.69,116.3,0.0,-1.0,3.39,-3390.0
480,115.82,118.72,1.0,1.0,-2.9,-2900.0
481,116.79,115.33,0.0,-1.0,1.46,-1460.0
482,117.76,116.79,1.0,-1.0,0.97,-970.0
483,116.79,116.79,1.0,-1.0,0.0,-0.0
484,116.79,116.3,0.0,1.0,0.49,490.0
485,117.76,117.27,1.0,-1.0,0.49,-490.0
486,118.72,117.27,1.0,1.0,1.45,1450.0
487,120.18,119.69,1.0,-1.0,0.49,-490.0
488,120.18,120.66,1.0,1.0,-0.48,-480.0
489,119.21,120.18,0.0,-1.0,-0.97,970.0
490,120.18,120.18,0.0,1.0,0.0,0.0
491,121.63,121.15,0.0,1.0,0.48,480.0
492,120.66,122.12,1.0,-1.0,-1.46,1460.0
493,121.63,120.66,0.0,1.0,0.97,970.0
494,121.15,121.63,1.0,1.0,-0.48,-480.0
495,120.66,121.15,0.0,-1.0,-0.49,490.0
496,121.63,121.63,0.0,1.0,0.0,0.0
497,121.15,122.12,0.0,-1.0,-0.97,970.0
498,120.18,120.66,0.0,-1.0,-0.48,480.0
499,124.54,121.15,0.0,-1.0,3.39,-3390.0
500,122.12,124.05,1.0,1.0,-1.93,-1930.0
501,124.05,123.09,0.0,-1.0,0.96,-960.0
502,123.57,124.05,1.0,-1.0,-0.48,480.0
503,123.09,124.54,0.0,-1.0,-1.45,1450.0
504,123.09,123.57,0.0,-1.0,-0.48,480.0
505,121.15,122.12,0.0,-1.0,-0.97,970.0
506,121.15,122.12,0.0,-1.0,-0.97,970.0
507,119.21,120.66,0.0,1.0,-1.45,-1450.0
508,119.69,118.72,0.0,-1.0,0.97,-970.0
509,118.72,119.21,1.0,-1.0,-0.49,490.0
510,120.66,119.69,0.0,1.0,0.97,970.0
511,121.15,120.66,1.0,-1.0,0.49,-490.0
512,121.15,121.63,1.0,-1.0,-0.48,480.0
513,118.24,120.18,0.0,-1.0,-1.94,1940.0
514,118.72,119.21,0.0,-1.0,-0.49,490.0
515,119.21,118.24,0.0,-1.0,0.97,-970.0
516,118.24,119.21,1.0,-1.0,-0.97,970.0
517,117.27,117.27,0.0,-1.0,0.0,-0.0
518,116.79,118.24,0.0,-1.0,-1.45,1450.0
519,116.3,116.3,0.0,-1.0,0.0,-0.0
520,117.76,116.3,0.0,-1.0,1.46,-1460.0
521,117.27,117.27,1.0,1.0,0.0,0.0
522,120.66,118.72,0.0,-1.0,1.94,-1940.0
523,122.12,121.15,1.0,-1.0,0.97,-970.0
524,121.15,121.15,1.0,-1.0,0.0,-0.0
525,118.72,119.69,0.0,-1.0,-0.97,970.0
526,121.15,120.18,0.0,-1.0,0.97,-970.0
527,116.79,115.33,1.0,-1.0,1.46,-1460.0
528,117.27,116.3,1.0,1.0,0.97,970.0
529,117.76,117.76,1.0,-1.0,0.0,-0.0
530,117.76,117.76,0.0,-1.0,0.0,-0.0
531,119.69,121.15,0.0,-1.0,-1.46,1460.0
532,122.12,121.15,0.0,-1.0,0.97,-970.0
533,121.15,122.12,1.0,-1.0,-0.97,970.0
534,125.02,123.57,0.0,-1.0,1.45,-1450.0
535,123.57,124.05,1.0,-1.0,-0.48,480.0
536,121.63,123.09,0.0,-1.0,-1.46,1460.0
537,124.05,122.6,0.0,-1.0,1.45,-1450.0
538,124.05,125.02,1.0,-1.0,-0.97,970.0
539,125.02,125.02,0.0,-1.0,0.0,-0.0
540,124.54,124.54,0.0,-1.0,0.0,-0.0
541,126.48,124.05,0.0,-1.0,2.43,-2430.0
542,126.96,127.93,1.0,-1.0,-0.97,970.0
543,127.93,127.93,0.0,-1.0,0.0,-0.0
544,127.93,127.45,0.0,-1.0,0.48,-480.0
545,127.93,128.42,1.0,-1.0,-0.49,490.0
546,126.96,127.45,0.0,-1.0,-0.49,490.0
547,130.35,128.42,0.0,-1.0,1.93,-1930.0
548,129.87,130.84,1.0,-1.0,-0.97,970.0
549,127.93,130.35,0.0,-1.0,-2.42,2420.0
550,129.87,129.39,0.0,-1.0,0.48,-480.0
551,130.84,129.87,1.0,-1.0,0.97,-970.0
552,128.9,130.84,1.0,-1.0,-1.94,1940.0
553,127.45,129.87,0.0,-1.0,-2.42,2420.0
554,131.81,128.9,0.0,-1.0,2.91,-2910.0
555,134.72,133.26,1.0,1.0,1.46,1460.0
556,134.23,135.2,1.0,-1.0,-0.97,970.0
557,134.23,135.69,0.0,-1.0,-1.46,1460.0
558,134.72,134.23,0.0,-1.0,0.49,-490.0
559,134.72,134.23,1.0,-1.0,0.49,-490.0
560,135.69,135.69,1.0,-1.0,0.0,-0.0
561,137.14,134.72,0.0,-1.0,2.42,-2420.0
562,135.69,134.72,1.0,-1.0,0.97,-970.0
563,133.26,135.2,1.0,-1.0,-1.94,1940.0
564,133.75,133.26,0.0,-1.0,0.49,-490.0
565,134.72,134.72,1.0,1.0,0.0,0.0
566,133.26,134.23,0.0,-1.0,-0.97,970.0
567,133.75,133.75,0.0,-1.0,0.0,-0.0
568,133.75,133.75,0.0,1.0,0.0,0.0
569,131.81,133.75,0.0,1.0,-1.94,-1940.0
570,130.35,130.84,0.0,-1.0,-0.49,490.0
571,130.84,130.84,0.0,-1.0,0.0,-0.0
572,131.81,130.35,0.0,1.0,1.46,1460.0
573,128.9,130.35,1.0,-1.0,-1.45,1450.0
574,126.48,128.9,0.0,-1.0,-2.42,2420.0
575,127.45,127.93,0.0,1.0,-0.48,-480.0
576,133.75,130.35,0.0,1.0,3.4,3400.0
577,134.23,133.26,1.0,1.0,0.97,970.0
578,133.26,134.72,1.0,1.0,-1.46,-1460.0
579,133.75,131.81,0.0,-1.0,1.94,-1940.0
580,133.26,132.78,1.0,-1.0,0.48,-480.0
581,134.72,133.75,1.0,-1.0,0.97,-970.0
582,134.23,134.72,1.0,-1.0,-0.49,490.0
583,136.65,133.75,0.0,1.0,2.9,2900.0
584,135.69,136.65,1.0,-1.0,-0.96,960.0
585,136.65,134.72,0.0,1.0,1.93,1930.0
586,135.2,136.17,1.0,-1.0,-0.97,970.0
587,129.39,133.26,0.0,-1.0,-3.87,3870.0
588,129.87,129.39,0.0,-1.0,0.48,-480.0
589,133.75,132.29,1.0,1.0,1.46,1460.0
590,129.87,130.84,1.0,1.0,-0.97,-970.0
591,127.93,128.42,0.0,1.0,-0.49,-490.0
592,128.42,126.96,0.0,-1.0,1.46,-1460.0
593,125.99,128.42,1.0,-1.0,-2.43,2430.0
594,127.45,127.45,0.0,-1.0,0.0,-0.0
595,132.78,135.69,0.0,1.0,-2.91,-2910.0
596,134.72,134.23,0.0,-1.0,0.49,-490.0
597,133.75,134.72,1.0,-1.0,-0.97,970.0
598,136.65,135.2,0.0,1.0,1.45,1450.0
599,135.69,137.14,1.0,-1.0,-1.45,1450.0
600,140.53,138.11,0.0,1.0,2.42,2420.0
601,140.53,141.02,1.0,-1.0,-0.49,490.0
602,142.47,141.02,0.0,-1.0,1.45,-1450.0
603,141.98,141.98,1.0,-1.0,0.0,-0.0
604,139.08,139.56,0.0,-1.0,-0.48,480.0
605,136.65,140.53,0.0,-1.0,-3.88,3880.0
606,138.11,136.17,0.0,-1.0,1.94,-1940.0
607,140.05,138.59,1.0,-1.0,1.46,-1460.0
608,141.5,140.05,1.0,-1.0,1.45,-1450.0
609,141.02,141.02,1.0,-1.0,0.0,-0.0
610,138.59,141.02,0.0,-1.0,-2.43,2430.0
611,137.62,138.59,0.0,-1.0,-0.97,970.0
612,138.11,137.62,0.0,-1.0,0.49,-490.0
613,143.44,141.5,1.0,1.0,1.94,1940.0
614,143.92,144.89,1.0,-1.0,-0.97,970.0
615,143.92,143.92,0.0,-1.0,0.0,-0.0
616,146.35,144.41,0.0,-1.0,1.94,-1940.0
617,149.74,147.8,1.0,-1.0,1.94,-1940.0
618,145.86,148.77,1.0,-1.0,-2.91,2910.0
619,144.41,146.83,0.0,-1.0,-2.42,2420.0
620,145.86,145.38,0.0,-1.0,0.48,-480.0
621,145.86,145.38,1.0,-1.0,0.48,-480.0
622,145.38,145.38,1.0,1.0,0.0,0.0
623,144.41,144.41,0.0,-1.0,0.0,-0.0
624,141.02,142.95,0.0,-1.0,-1.93,1930.0
625,139.56,140.53,0.0,-1.0,-0.97,970.0
626,141.5,139.08,0.0,-1.0,2.42,-2420.0
627,143.44,142.47,1.0,-1.0,0.97,-970.0
628,144.41,143.44,1.0,-1.0,0.97,-970.0
629,141.5,144.41,1.0,-1.0,-2.91,2910.0
630,144.41,143.92,0.0,-1.0,0.49,-490.0
631,148.77,146.35,1.0,-1.0,2.42,-2420.0
632,149.25,147.8,1.0,-1.0,1.45,-1450.0
633,149.25,146.83,1.0,-1.0,2.42,-2420.0
634,148.77,149.25,1.0,-1.0,-0.48,480.0
635,146.83,148.77,0.0,-1.0,-1.94,1940.0
636,146.35,147.32,0.0,-1.0,-0.97,970.0
637,141.02,141.02,0.0,-1.0,0.0,-0.0
638,138.11,139.56,0.0,-1.0,-1.45,1450.0
639,138.11,138.11,0.0,-1.0,0.0,-0.0
640,141.02,139.56,0.0,-1.0,1.46,-1460.0
641,139.56,140.53,1.0,-1.0,-0.97,970.0
642,142.47,140.53,0.0,-1.0,1.94,-1940.0
643,141.5,141.98,1.0,-1.0,-0.48,480.0
644,138.59,141.02,0.0,-1.0,-2.43,2430.0
645,138.59,139.56,0.0,-1.0,-0.97,970.0
646,142.47,141.5,0.0,-1.0,0.97,-970.0
647,142.47,141.98,1.0,-1.0,0.49,-490.0
648,139.56,140.53,1.0,-1.0,-0.97,970.0
649,138.59,139.08,0.0,-1.0,-0.49,490.0
650,142.47,140.53,0.0,-1.0,1.94,-1940.0
651,138.11,138.59,1.0,-1.0,-0.48,480.0
652,138.59,137.62,0.0,-1.0,0.97,-970.0
653,138.11,137.62,1.0,-1.0,0.49,-490.0
654,139.08,139.08,1.0,-1.0,0.0,-0.0
655,142.47,141.02,0.0,-1.0,1.45,-1450.0
656,147.8,144.41,1.0,-1.0,3.39,-3390.0
657,146.83,148.28,1.0,-1.0,-1.45,1450.0
658,146.83,148.77,0.0,-1.0,-1.94,1940.0
659,143.92,145.38,0.0,-1.0,-1.46,1460.0
660,142.47,142.47,0.0,-1.0,0.0,-0.0
661,142.95,143.92,0.0,1.0,-0.97,-970.0
662,142.47,142.95,0.0,-1.0,-0.48,480.0
663,142.95,141.02,0.0,-1.0,1.93,-1930.0
664,141.98,141.5,1.0,-1.0,0.48,-480.0
665,141.98,141.5,1.0,-1.0,0.48,-480.0
666,143.92,144.41,1.0,-1.0,-0.49,490.0
667,142.95,142.47,0.0,1.0,0.48,480.0
668,143.44,142.95,1.0,-1.0,0.49,-490.0
669,141.5,143.44,1.0,-1.0,-1.94,1940.0
670,141.98,142.47,0.0,-1.0,-0.49,490.0
671,141.98,142.47,0.0,1.0,-0.49,-490.0
672,141.98,141.02,0.0,-1.0,0.96,-960.0
673,141.98,141.98,1.0,-1.0,0.0,-0.0
674,141.02,141.5,0.0,1.0,-0.48,-480.0
675,141.02,141.5,0.0,1.0,-0.48,-480.0
676,142.95,141.98,0.0,1.0,0.97,970.0
677,141.98,143.92,1.0,1.0,-1.94,-1940.0
678,140.53,141.02,0.0,1.0,-0.49,-490.0
679,142.47,142.47,0.0,-1.0,0.0,-0.0
680,141.5,142.47,0.0,-1.0,-0.97,970.0
681,140.53,141.02,0.0,-1.0,-0.49,490.0
682,139.56,140.05,0.0,-1.0,-0.49,490.0
683,138.59,139.08,0.0,-1.0,-0.49,490.0
684,136.65,137.62,0.0,-1.0,-0.97,970.0
685,135.69,135.2,0.0,-1.0,0.49,-490.0
686,134.23,135.2,1.0,-1.0,-0.97,970.0
687,134.72,134.23,0.0,-1.0,0.49,-490.0
688,135.2,136.65,1.0,-1.0,-1.45,1450.0
689,139.08,136.65,0.0,-1.0,2.43,-2430.0
690,140.05,139.56,1.0,-1.0,0.49,-490.0
691,138.59,140.05,1.0,-1.0,-1.46,1460.0
692,137.62,138.59,0.0,-1.0,-0.97,970.0
693,138.11,138.59,0.0,-1.0,-0.48,480.0
694,137.62,137.62,0.0,-1.0,0.0,-0.0
695,137.62,137.62,0.0,-1.0,0.0,-0.0
696,140.05,138.59,0.0,-1.0,1.46,-1460.0
697,140.53,140.05,1.0,-1.0,0.48,-480.0
698,141.98,140.53,1.0,-1.0,1.45,-1450.0
699,141.5,142.47,1.0,-1.0,-0.97,970.0
700,138.5,140.5,0.0,-1.0,-2.0,2000.0
701,140.5,139.0,0.0,-1.0,1.5,-1500.0
702,141.0,140.0,1.0,-1.0,1.0,-1000.0
703,141.5,140.5,1.0,-1.0,1.0,-1000.0
704,142.5,141.5,1.0,-1.0,1.0,-1000.0
705,140.5,141.0,1.0,1.0,-0.5,-500.0
706,140.5,141.0,0.0,-1.0,-0.5,500.0
707,138.0,140.5,0.0,-1.0,-2.5,2500.0
708,136.5,134.0,0.0,1.0,2.5,2500.0
709,138.5,137.0,1.0,-1.0,1.5,-1500.0
710,138.5,139.5,1.0,1.0,-1.0,-1000.0
711,138.5,139.0,0.0,-1.0,-0.5,500.0
712,136.5,140.0,0.0,-1.0,-3.5,3500.0
713,140.0,138.0,0.0,-1.0,2.0,-2000.0
714,139.0,141.5,1.0,-1.0,-2.5,2500.0
715,140.5,141.0,0.0,-1.0,-0.5,500.0
716,139.0,139.0,0.0,-1.0,0.0,-0.0
717,136.0,137.0,0.0,-1.0,-1.0,1000.0
718,137.0,138.0,0.0,-1.0,-1.0,1000.0
719,134.0,135.0,0.0,-1.0,-1.0,1000.0
720,134.0,135.0,0.0,-1.0,-1.0,1000.0
721,135.5,135.0,0.0,-1.0,0.5,-500.0
722,138.5,136.0,1.0,-1.0,2.5,-2500.0
723,139.5,140.5,1.0,-1.0,-1.0,1000.0
724,134.5,138.5,0.0,-1.0,-4.0,4000.0
725,136.5,135.0,0.0,-1.0,1.5,-1500.0
726,134.0,135.5,1.0,1.0,-1.5,-1500.0
727,134.0,136.0,0.0,-1.0,-2.0,2000.0
728,133.0,133.0,0.0,-1.0,0.0,-0.0
729,129.0,131.0,0.0,-1.0,-2.0,2000.0
730,130.5,133.5,0.0,1.0,-3.0,-3000.0
731,128.5,129.5,0.0,1.0,-1.0,-1000.0
732,128.0,129.0,0.0,-1.0,-1.0,1000.0
733,126.0,128.0,0.0,-1.0,-2.0,2000.0
734,124.0,125.5,0.0,-1.0,-1.5,1500.0
735,126.0,125.0,0.0,-1.0,1.0,-1000.0
736,125.0,127.5,1.0,-1.0,-2.5,2500.0
737,126.0,124.5,0.0,-1.0,1.5,-1500.0
738,121.0,123.0,1.0,-1.0,-2.0,2000.0
739,115.0,120.0,0.0,-1.0,-5.0,5000.0
740,123.5,118.0,0.0,1.0,5.5,5500.0
741,122.5,121.0,1.0,-1.0,1.5,-1500.0
742,124.0,125.0,1.0,-1.0,-1.0,1000.0
743,125.0,127.0,0.0,-1.0,-2.0,2000.0
744,129.0,126.0,0.0,-1.0,3.0,-3000.0
745,124.0,127.5,1.0,-1.0,-3.5,3500.0
746,125.5,123.0,0.0,1.0,2.5,2500.0
747,127.0,127.5,1.0,-1.0,-0.5,500.0
748,125.0,126.5,0.0,1.0,-1.5,-1500.0
749,122.5,124.5,0.0,-1.0,-2.0,2000.0
750,123.0,122.5,0.0,-1.0,0.5,-500.0
751,129.0,126.5,1.0,-1.0,2.5,-2500.0
752,125.0,127.0,1.0,-1.0,-2.0,2000.0
753,127.5,125.5,0.0,-1.0,2.0,-2000.0
754,127.5,128.0,1.0,-1.0,-0.5,500.0
755,126.0,127.5,0.0,-1.0,-1.5,1500.0
756,129.5,128.0,0.0,-1.0,1.5,-1500.0
757,131.0,130.5,1.0,-1.0,0.5,-500.0
758,131.5,129.5,1.0,-1.0,2.0,-2000.0
759,129.5,130.0,1.0,-1.0,-0.5,500.0
760,129.0,130.0,0.0,-1.0,-1.0,1000.0
761,124.5,127.0,0.0,-1.0,-2.5,2500.0
762,127.0,127.0,0.0,-1.0,0.0,-0.0
763,127.0,127.0,0.0,1.0,0.0,0.0
764,130.0,128.0,0.0,-1.0,2.0,-2000.0
765,133.5,131.0,1.0,1.0,2.5,2500.0
766,132.0,132.5,1.0,-1.0,-0.5,500.0
767,132.5,133.0,0.0,-1.0,-0.5,500.0
768,133.0,135.0,0.0,-1.0,-2.0,2000.0
769,135.0,133.5,0.0,-1.0,1.5,-1500.0
770,136.0,137.0,1.0,-1.0,-1.0,1000.0
771,138.5,137.0,0.0,-1.0,1.5,-1500.0
772,137.5,138.5,1.0,-1.0,-1.0,1000.0
773,136.5,136.5,0.0,-1.0,0.0,-0.0
774,140.0,139.0,0.0,-1.0,1.0,-1000.0
775,137.5,137.0,1.0,-1.0,0.5,-500.0
776,138.0,138.5,1.0,-1.0,-0.5,500.0
777,139.0,139.0,0.0,-1.0,0.0,-0.0
778,138.5,139.5,0.0,-1.0,-1.0,1000.0
779,137.5,138.0,0.0,1.0,-0.5,-500.0
780,140.0,140.0,0.0,1.0,0.0,0.0
781,140.0,140.5,0.0,-1.0,-0.5,500.0
782,139.0,138.5,0.0,-1.0,0.5,-500.0
783,138.0,137.0,1.0,-1.0,1.0,-1000.0
784,136.5,139.0,1.0,-1.0,-2.5,2500.0
785,136.5,137.0,0.0,-1.0,-0.5,500.0
786,137.5,138.5,0.0,1.0,-1.0,-1000.0
787,139.5,138.5,0.0,-1.0,1.0,-1000.0
788,144.5,141.5,1.0,-1.0,3.0,-3000.0
789,142.5,144.0,1.0,-1.0,-1.5,1500.0
790,140.0,144.0,0.0,-1.0,-4.0,4000.0
791,142.0,141.0,0.0,-1.0,1.0,-1000.0
792,139.5,141.5,1.0,-1.0,-2.0,2000.0
793,137.5,140.5,0.0,-1.0,-3.0,3000.0
794,138.5,138.5,0.0,-1.0,0.0,-0.0
795,136.0,137.5,0.0,-1.0,-1.5,1500.0
796,135.0,134.0,0.0,-1.0,1.0,-1000.0
797,138.5,138.0,1.0,-1.0,0.5,-500.0
798,137.0,139.5,1.0,-1.0,-2.5,2500.0
799,140.5,138.5,0.0,-1.0,2.0,-2000.0
800,141.0,140.5,1.0,-1.0,0.5,-500.0
801,141.0,141.0,1.0,-1.0,0.0,-0.0
802,139.5,140.0,0.0,1.0,-0.5,-500.0
803,141.0,139.5,0.0,-1.0,1.5,-1500.0
804,142.5,141.0,1.0,1.0,1.5,1500.0
805,139.0,143.0,1.0,-1.0,-4.0,4000.0
806,139.0,136.5,0.0,-1.0,2.5,-2500.0
807,142.5,140.5,1.0,1.0,2.0,2000.0
808,142.5,144.0,1.0,-1.0,-1.5,1500.0
809,142.5,141.5,0.0,-1.0,1.0,-1000.0
810,140.5,141.0,1.0,-1.0,-0.5,500.0
811,143.5,142.0,0.0,-1.0,1.5,-1500.0
812,142.5,143.5,1.0,-1.0,-1.0,1000.0
813,140.5,142.0,0.0,-1.0,-1.5,1500.0
814,141.0,140.5,0.0,-1.0,0.5,-500.0
815,139.5,141.0,1.0,-1.0,-1.5,1500.0
816,139.0,137.5,0.0,-1.0,1.5,-1500.0
817,138.0,139.5,1.0,-1.0,-1.5,1500.0
818,143.5,142.0,0.0,-1.0,1.5,-1500.0
819,145.0,144.5,1.0,-1.0,0.5,-500.0
820,142.0,143.0,1.0,-1.0,-1.0,1000.0
821,141.5,141.5,0.0,-1.0,0.0,-0.0
822,142.0,141.0,0.0,-1.0,1.0,-1000.0
823,141.5,141.0,1.0,-1.0,0.5,-500.0
824,142.0,143.0,1.0,-1.0,-1.0,1000.0
825,143.0,142.0,0.0,-1.0,1.0,-1000.0
826,143.5,143.5,1.0,-1.0,0.0,-0.0
827,142.0,143.5,0.0,-1.0,-1.5,1500.0
828,142.5,142.5,0.0,-1.0,0.0,-0.0
829,143.0,142.0,0.0,1.0,1.0,1000.0
830,139.5,142.5,1.0,1.0,-3.0,-3000.0
831,138.0,139.0,0.0,1.0,-1.0,-1000.0
832,135.5,138.0,0.0,-1.0,-2.5,2500.0
833,133.0,134.5,0.0,1.0,-1.5,-1500.0
834,134.0,132.0,0.0,1.0,2.0,2000.0
835,133.0,133.0,1.0,1.0,0.0,0.0
836,133.0,133.0,0.0,-1.0,0.0,-0.0
837,133.5,133.5,0.0,-1.0,0.0,-0.0
838,131.5,130.5,0.0,1.0,1.0,1000.0
839,137.0,137.5,1.0,-1.0,-0.5,500.0
840,137.0,135.0,0.0,1.0,2.0,2000.0
841,138.0,137.5,1.0,-1.0,0.5,-500.0
842,134.5,137.5,1.0,-1.0,-3.0,3000.0
843,135.0,134.0,0.0,-1.0,1.0,-1000.0
844,138.5,136.5,1.0,1.0,2.0,2000.0
845,139.5,140.0,1.0,1.0,-0.5,-500.0
846,137.5,137.5,0.0,-1.0,0.0,-0.0
847,139.5,139.0,0.0,-1.0,0.5,-500.0
848,140.0,138.0,1.0,-1.0,2.0,-2000.0
849,143.0,138.5,1.0,-1.0,4.5,-4500.0
850,142.0,142.5,1.0,1.0,-0.5,-500.0
851,144.0,144.0,0.0,-1.0,0.0,-0.0
852,142.5,144.0,0.0,-1.0,-1.5,1500.0
853,146.0,145.0,0.0,-1.0,1.0,-1000.0
854,145.0,142.0,1.0,1.0,3.0,3000.0
855,147.5,146.0,1.0,-1.0,1.5,-1500.0
856,148.0,149.0,1.0,-1.0,-1.0,1000.0
857,151.0,150.0,0.0,-1.0,1.0,-1000.0
858,151.0,149.0,1.0,-1.0,2.0,-2000.0
859,151.0,149.5,1.0,-1.0,1.5,-1500.0
860,149.5,150.5,1.0,-1.0,-1.0,1000.0
861,148.0,149.5,0.0,-1.0,-1.5,1500.0
862,150.5,149.0,0.0,-1.0,1.5,-1500.0
863,149.0,151.0,1.0,1.0,-2.0,-2000.0
864,152.0,148.5,0.0,1.0,3.5,3500.0
865,153.0,154.0,1.0,1.0,-1.0,-1000.0
866,154.0,154.0,0.0,-1.0,0.0,-0.0
867,152.5,153.0,0.0,-1.0,-0.5,500.0
868,152.0,152.5,0.0,-1.0,-0.5,500.0
869,152.0,151.0,0.0,-1.0,1.0,-1000.0
870,153.0,152.0,1.0,-1.0,1.0,-1000.0
871,154.5,153.0,1.0,-1.0,1.5,-1500.0
872,155.0,154.5,1.0,1.0,0.5,500.0
873,156.0,156.5,1.0,-1.0,-0.5,500.0
874,154.5,155.0,0.0,-1.0,-0.5,500.0
875,156.0,155.5,0.0,1.0,0.5,500.0
876,158.5,159.5,1.0,-1.0,-1.0,1000.0
877,159.5,158.5,0.0,-1.0,1.0,-1000.0
878,160.0,160.0,1.0,-1.0,0.0,-0.0
879,158.5,159.5,0.0,-1.0,-1.0,1000.0
880,159.5,158.5,0.0,-1.0,1.0,-1000.0
881,158.5,158.0,1.0,1.0,0.5,500.0
882,158.0,158.5,1.0,1.0,-0.5,-500.0
883,159.0,158.0,0.0,-1.0,1.0,-1000.0
884,159.0,158.5,1.0,-1.0,0.5,-500.0
885,161.5,158.5,1.0,-1.0,3.0,-3000.0
886,162.0,162.0,1.0,1.0,0.0,0.0
887,158.5,161.0,0.0,-1.0,-2.5,2500.0
888,153.5,155.5,0.0,-1.0,-2.0,2000.0
889,154.5,155.0,0.0,1.0,-0.5,-500.0
890,157.5,154.0,0.0,1.0,3.5,3500.0
891,158.5,156.0,1.0,-1.0,2.5,-2500.0
892,158.5,157.5,1.0,-1.0,1.0,-1000.0
893,161.5,160.0,1.0,1.0,1.5,1500.0
894,161.5,162.0,1.0,-1.0,-0.5,500.0
895,159.5,157.0,0.0,-1.0,2.5,-2500.0
896,158.0,158.0,1.0,1.0,0.0,0.0
897,157.5,160.0,0.0,-1.0,-2.5,2500.0
898,154.0,157.5,0.0,-1.0,-3.5,3500.0
899,157.0,156.0,0.0,-1.0,1.0,-1000.0
900,156.5,155.5,1.0,-1.0,1.0,-1000.0
901,157.5,156.5,1.0,-1.0,1.0,-1000.0
902,158.0,156.5,1.0,-1.0,1.5,-1500.0
903,156.5,156.0,1.0,-1.0,0.5,-500.0
904,153.0,157.5,1.0,-1.0,-4.5,4500.0
905,150.0,151.0,0.0,1.0,-1.0,-1000.0
906,147.5,148.0,0.0,-1.0,-0.5,500.0
907,147.0,147.0,0.0,-1.0,0.0,-0.0
908,147.5,147.5,0.0,-1.0,0.0,-0.0
909,148.0,148.5,0.0,-1.0,-0.5,500.0
910,147.5,148.5,0.0,-1.0,-1.0,1000.0
911,147.0,147.0,0.0,-1.0,0.0,-0.0
912,147.0,148.5,0.0,-1.0,-1.5,1500.0
913,146.0,147.0,0.0,-1.0,-1.0,1000.0
914,144.0,145.0,0.0,1.0,-1.0,-1000.0
915,144.5,143.0,0.0,-1.0,1.5,-1500.0
916,147.0,145.5,1.0,-1.0,1.5,-1500.0
917,147.0,146.0,1.0,1.0,1.0,1000.0
918,147.0,148.0,1.0,1.0,-1.0,-1000.0
919,148.5,147.5,0.0,-1.0,1.0,-1000.0
920,154.0,150.5,1.0,-1.0,3.5,-3500.0
921,151.0,152.5,1.0,1.0,-1.5,-1500.0
922,154.5,153.5,0.0,1.0,1.0,1000.0
923,,,1.0,-1.0,,
